280
21 7
25 7
53 7
51 7
57 7
341 7
120 7
119 7
304 7
396 7
441 7
329 7
363 7
292 7
288 7
384 7
213 7
217 7
428 7
297 7
221 7
429 7
439 7
387 7
330 7
388 7
252 7
110 7
295 7
131 7
130 7
340 7
406 7
392 7
332 7
283 7
422 7
7 7
123 7
11 7
103 7
27 7
40 7
62 7
42 7
45 7
78 7
82 7
425 7
424 7
445 7
315 7
314 7
407 7
409 7
446 7
394 7
75 7
71 7
257 7
308 7
231 7
203 7
200 7
198 7
212 7
171 7
170 7
188 7
442 7
412 7
431 7
383 7
376 7
24 7
18 7
19 7
357 7
377 7
379 7
432 7
415 7
413 7
190 7
172 7
64 7
163 7
162 7
199 7
205 7
204 7
207 7
307 7
72 7
73 7
299 7
116 7
214 7
215 7
289 7
291 7
360 7
325 7
345 7
398 7
405 7
230 7
228 7
229 7
342 7
55 7
52 7
224 7
22 7
8 7
9 7
423 7
287 7
443 7
336 7
373 7
266 7
132 7
296 7
435 7
444 7
389 7
331 7
390 7
1 7
6 7
222 7
300 7
59 7
447 7
125 7
448 7
77 7
60 7
298 7
124 7
293 7
254 7
253 7
434 7
115 7
184 7
323 7
346 7
4 7
2 7
395 7
0 7
305 7
327 7
312 7
94 7
237 7
121 7
106 7
225 7
108 7
344 7
136 7
58 7
403 7
361 7
286 7
282 7
251 7
338 7
261 7
14 7
126 7
104 7
23 7
28 7
127 7
26 7
61 7
400 7
41 7
50 7
79 7
259 7
277 7
438 7
371 7
278 7
83 7
84 7
306 7
218 7
272 7
206 7
219 7
202 7
374 7
176 7
161 7
63 7
67 7
167 7
189 7
166 7
165 7
382 7
375 7
16 7
273 7
380 7
418 7
420 7
404 7
100 7
98 7
30 7
159 7
69 7
68 7
140 7
142 7
192 7
302 7
279 7
274 7
174 7
35 7
34 7
179 7
260 7
238 7
241 7
246 7
401 7
244 7
364 7
134 7
264 7
402 7
133 7
149 7
164 7
107 7
97 7
112 7
89 7
234 7
311 7
95 7
355 7
426 7
356 7
347 7
348 7
309 7
354 7
235 7
247 7
191 7
91 7
232 7
321 7
391 7
169 7
150 7
153 7
243 7
249 7
182 7
145 7
146 7
365 7
270 7
158 7
350 7
157 7
352 7
267 7
151 7
