-6 2.56477e+07
-5.98799 2.74391e+07
-5.97598 2.92305e+07
-5.96396 3.10219e+07
-5.95195 3.28132e+07
-5.93994 3.46046e+07
-5.92793 3.6396e+07
-5.91592 3.81874e+07
-5.9039 3.99788e+07
-5.89189 4.17701e+07
-5.87988 4.35616e+07
-5.86787 4.5353e+07
-5.85586 4.71443e+07
-5.84384 4.89357e+07
-5.83183 5.07271e+07
-5.81982 5.25184e+07
-5.80781 5.43099e+07
-5.7958 5.61012e+07
-5.78378 5.78926e+07
-5.77177 5.9684e+07
-5.75976 6.14754e+07
-5.74775 6.32668e+07
-5.73574 6.50582e+07
-5.72372 6.68495e+07
-5.71171 6.86409e+07
-5.6997 7.04323e+07
-5.68769 7.22237e+07
-5.67568 7.40151e+07
-5.66366 7.58065e+07
-5.65165 7.75978e+07
-5.63964 7.93893e+07
-5.62763 8.11806e+07
-5.61562 8.2972e+07
-5.6036 8.47634e+07
-5.59159 8.65548e+07
-5.57958 8.83461e+07
-5.56757 9.01376e+07
-5.55556 9.19289e+07
-5.54354 9.37203e+07
-5.53153 9.55117e+07
-5.51952 9.73031e+07
-5.50751 9.90945e+07
-5.4955 1.00886e+08
-5.48348 1.02677e+08
-5.47147 1.04469e+08
-5.45946 1.0626e+08
-5.44745 1.08051e+08
-5.43544 1.09843e+08
-5.42342 1.11634e+08
-5.41141 1.13426e+08
-5.3994 1.15217e+08
-5.38739 1.17008e+08
-5.37538 1.188e+08
-5.36336 1.20591e+08
-5.35135 1.22382e+08
-5.33934 1.24174e+08
-5.32733 1.25965e+08
-5.31532 1.27757e+08
-5.3033 1.29548e+08
-5.29129 1.31339e+08
-5.27928 1.33131e+08
-5.26727 1.34922e+08
-5.25526 1.36714e+08
-5.24324 1.38505e+08
-5.23123 1.40296e+08
-5.21922 1.42088e+08
-5.20721 1.43879e+08
-5.1952 1.4567e+08
-5.18318 1.47462e+08
-5.17117 1.49253e+08
-5.15916 1.51045e+08
-5.14715 1.52836e+08
-5.13514 1.54627e+08
-5.12312 1.56419e+08
-5.11111 1.5821e+08
-5.0991 1.60002e+08
-5.08709 1.61793e+08
-5.07508 1.63584e+08
-5.06306 1.65376e+08
-5.05105 1.6672e+08
-5.03904 1.67732e+08
-5.02703 1.68744e+08
-5.01502 1.69756e+08
-5.003 1.70768e+08
-4.99099 1.7178e+08
-4.97898 1.72791e+08
-4.96697 1.73803e+08
-4.95496 1.73919e+08
-4.94294 1.71139e+08
-4.93093 1.68359e+08
-4.91892 1.65579e+08
-4.90691 1.62799e+08
-4.8949 1.60019e+08
-4.88288 1.57239e+08
-4.87087 1.55231e+08
-4.85886 1.53837e+08
-4.84685 1.52443e+08
-4.83484 1.5105e+08
-4.82282 1.49656e+08
-4.81081 1.48262e+08
-4.7988 1.46868e+08
-4.78679 1.45475e+08
-4.77478 1.44081e+08
-4.76276 1.42687e+08
-4.75075 1.41293e+08
-4.73874 1.399e+08
-4.72673 1.38506e+08
-4.71472 1.37112e+08
-4.7027 1.35719e+08
-4.69069 1.34325e+08
-4.67868 1.32931e+08
-4.66667 1.31537e+08
-4.65466 1.30144e+08
-4.64264 1.2875e+08
-4.63063 1.27356e+08
-4.61862 1.25962e+08
-4.60661 1.24569e+08
-4.5946 1.23175e+08
-4.58258 1.21781e+08
-4.57057 1.20387e+08
-4.55856 1.18994e+08
-4.54655 1.176e+08
-4.53454 1.16206e+08
-4.52252 1.14812e+08
-4.51051 1.13419e+08
-4.4985 1.12025e+08
-4.48649 1.10631e+08
-4.47448 1.09237e+08
-4.46246 1.07844e+08
-4.45045 1.0645e+08
-4.43844 1.05056e+08
-4.42643 1.03663e+08
-4.41442 1.02269e+08
-4.4024 1.00875e+08
-4.39039 9.94813e+07
-4.37838 9.80876e+07
-4.36637 9.66939e+07
-4.35436 9.53001e+07
-4.34234 9.39064e+07
-4.33033 9.25126e+07
-4.31832 9.11189e+07
-4.30631 8.97251e+07
-4.2943 8.83314e+07
-4.28228 8.69377e+07
-4.27027 8.5544e+07
-4.25826 8.41502e+07
-4.24625 8.27565e+07
-4.23424 8.13627e+07
-4.22222 7.9969e+07
-4.21021 7.85752e+07
-4.1982 7.71815e+07
-4.18619 7.57878e+07
-4.17418 7.4394e+07
-4.16216 7.30003e+07
-4.15015 7.16066e+07
-4.13814 7.02128e+07
-4.12613 6.88191e+07
-4.11412 6.74253e+07
-4.1021 6.60316e+07
-4.09009 6.46379e+07
-4.07808 6.32441e+07
-4.06607 6.18504e+07
-4.05406 6.04567e+07
-4.04204 5.90629e+07
-4.03003 5.76691e+07
-4.01802 5.62754e+07
-4.00601 5.48817e+07
-3.994 5.34879e+07
-3.98198 5.20942e+07
-3.96997 5.07005e+07
-3.95796 4.93067e+07
-3.94595 4.7913e+07
-3.93394 4.65192e+07
-3.92192 4.51255e+07
-3.90991 4.37318e+07
-3.8979 4.2338e+07
-3.88589 4.09443e+07
-3.87388 3.95506e+07
-3.86186 3.81568e+07
-3.84985 3.67631e+07
-3.83784 3.53693e+07
-3.82583 3.39756e+07
-3.81382 3.25819e+07
-3.8018 3.11881e+07
-3.78979 2.97944e+07
-3.77778 2.84006e+07
-3.76577 2.70069e+07
-3.75376 2.56132e+07
-3.74174 2.53116e+07
-3.72973 2.66624e+07
-3.71772 2.80131e+07
-3.70571 2.93639e+07
-3.6937 3.07146e+07
-3.68168 3.20654e+07
-3.66967 3.34162e+07
-3.65766 3.47669e+07
-3.64565 3.61177e+07
-3.63364 3.74684e+07
-3.62162 3.88192e+07
-3.60961 4.01699e+07
-3.5976 4.15207e+07
-3.58559 4.28714e+07
-3.57358 4.42222e+07
-3.56156 4.5573e+07
-3.54955 4.69237e+07
-3.53754 4.82745e+07
-3.52553 4.96252e+07
-3.51351 5.0976e+07
-3.5015 5.23268e+07
-3.48949 5.36775e+07
-3.47748 5.50283e+07
-3.46547 5.6379e+07
-3.45345 5.77298e+07
-3.44144 5.90805e+07
-3.42943 6.04313e+07
-3.41742 6.1782e+07
-3.40541 6.31328e+07
-3.39339 6.44836e+07
-3.38138 6.58343e+07
-3.36937 6.71851e+07
-3.35736 6.85358e+07
-3.34535 6.98866e+07
-3.33333 7.12373e+07
-3.32132 7.25881e+07
-3.30931 7.39388e+07
-3.2973 7.52896e+07
-3.28529 7.66404e+07
-3.27327 7.79911e+07
-3.26126 7.93419e+07
-3.24925 8.06926e+07
-3.23724 8.20434e+07
-3.22523 8.33941e+07
-3.21321 8.47449e+07
-3.2012 8.46508e+07
-3.18919 8.38521e+07
-3.17718 8.30535e+07
-3.16517 8.22548e+07
-3.15315 8.14561e+07
-3.14114 8.06575e+07
-3.12913 7.98588e+07
-3.11712 7.90602e+07
-3.10511 7.82615e+07
-3.09309 7.74629e+07
-3.08108 7.66642e+07
-3.06907 7.58656e+07
-3.05706 7.50669e+07
-3.04505 7.42682e+07
-3.03303 7.34696e+07
-3.02102 7.26709e+07
-3.00901 7.18723e+07
-2.997 7.10736e+07
-2.98499 7.0275e+07
-2.97297 6.94763e+07
-2.96096 6.86776e+07
-2.94895 6.7879e+07
-2.93694 6.70804e+07
-2.92493 6.62817e+07
-2.91291 6.5483e+07
-2.9009 6.46844e+07
-2.88889 6.38857e+07
-2.87688 6.30871e+07
-2.86487 6.22884e+07
-2.85285 6.14898e+07
-2.84084 6.06911e+07
-2.82883 5.98924e+07
-2.81682 5.90938e+07
-2.80481 5.82952e+07
-2.79279 5.74965e+07
-2.78078 5.66978e+07
-2.76877 5.58992e+07
-2.75676 5.51005e+07
-2.74475 5.43018e+07
-2.73273 5.35032e+07
-2.72072 5.31819e+07
-2.70871 5.29856e+07
-2.6967 5.27893e+07
-2.68469 5.25929e+07
-2.67267 5.23966e+07
-2.66066 5.22003e+07
-2.64865 5.2004e+07
-2.63664 5.18076e+07
-2.62463 5.16113e+07
-2.61261 5.1415e+07
-2.6006 5.12187e+07
-2.58859 5.10224e+07
-2.57658 5.0826e+07
-2.56457 5.06297e+07
-2.55255 5.04334e+07
-2.54054 5.02371e+07
-2.52853 5.00407e+07
-2.51652 4.98444e+07
-2.50451 4.96481e+07
-2.49249 4.94518e+07
-2.48048 4.92555e+07
-2.46847 4.90591e+07
-2.45646 4.88628e+07
-2.44445 4.86665e+07
-2.43243 4.84702e+07
-2.42042 4.82738e+07
-2.40841 4.80775e+07
-2.3964 4.78812e+07
-2.38439 4.76849e+07
-2.37237 4.74885e+07
-2.36036 4.72922e+07
-2.34835 4.70959e+07
-2.33634 4.68996e+07
-2.32433 4.67033e+07
-2.31231 4.65069e+07
-2.3003 4.63106e+07
-2.28829 4.61143e+07
-2.27628 4.5918e+07
-2.26427 4.57216e+07
-2.25225 4.55253e+07
-2.24024 4.5329e+07
-2.22823 4.51327e+07
-2.21622 4.49363e+07
-2.20421 4.474e+07
-2.19219 4.45437e+07
-2.18018 4.43474e+07
-2.16817 4.41511e+07
-2.15616 4.39547e+07
-2.14415 4.37584e+07
-2.13213 4.35621e+07
-2.12012 4.33658e+07
-2.10811 4.31695e+07
-2.0961 4.29731e+07
-2.08409 4.27768e+07
-2.07207 4.25805e+07
-2.06006 4.23842e+07
-2.04805 4.21878e+07
-2.03604 4.19915e+07
-2.02403 4.17952e+07
-2.01201 4.24089e+07
-2 4.39239e+07
-1.98799 4.54389e+07
-1.97598 4.69539e+07
-1.96397 4.84689e+07
-1.95195 4.99839e+07
-1.93994 5.07514e+07
-1.92793 4.88478e+07
-1.91592 4.69441e+07
-1.90391 4.50405e+07
-1.89189 4.31368e+07
-1.87988 4.12332e+07
-1.86787 3.93295e+07
-1.85586 3.75307e+07
-1.84385 3.68237e+07
-1.83183 3.61167e+07
-1.81982 3.54097e+07
-1.80781 3.47026e+07
-1.7958 3.39956e+07
-1.78379 3.32886e+07
-1.77177 3.25816e+07
-1.75976 3.18746e+07
-1.74775 3.11675e+07
-1.73574 3.04605e+07
-1.72373 2.97535e+07
-1.71171 2.90465e+07
-1.6997 2.83395e+07
-1.68769 2.76325e+07
-1.67568 2.69254e+07
-1.66367 2.62184e+07
-1.65165 2.55114e+07
-1.63964 2.48044e+07
-1.62763 2.40974e+07
-1.61562 2.33903e+07
-1.60361 2.26833e+07
-1.59159 2.19763e+07
-1.57958 2.12693e+07
-1.56757 2.05623e+07
-1.55556 1.98552e+07
-1.54355 1.91482e+07
-1.53153 1.84412e+07
-1.51952 1.77342e+07
-1.50751 1.70272e+07
-1.4955 1.63201e+07
-1.48349 1.56131e+07
-1.47147 1.49061e+07
-1.45946 1.41991e+07
-1.44745 1.34921e+07
-1.43544 1.2785e+07
-1.42343 1.2078e+07
-1.41141 1.1371e+07
-1.3994 1.0664e+07
-1.38739 9.95696e+06
-1.37538 1.12374e+07
-1.36337 1.29332e+07
-1.35135 1.46291e+07
-1.33934 1.63249e+07
-1.32733 1.80207e+07
-1.31532 1.97166e+07
-1.30331 2.14124e+07
-1.29129 2.31082e+07
-1.27928 2.48041e+07
-1.26727 2.64999e+07
-1.25526 2.81957e+07
-1.24325 2.98916e+07
-1.23123 3.15874e+07
-1.21922 3.32832e+07
-1.20721 3.49791e+07
-1.1952 3.66749e+07
-1.18319 3.83708e+07
-1.17117 4.00666e+07
-1.15916 4.17624e+07
-1.14715 4.34583e+07
-1.13514 4.51541e+07
-1.12313 4.68499e+07
-1.11111 4.85458e+07
-1.0991 5.02416e+07
-1.08709 5.19374e+07
-1.07508 5.36333e+07
-1.06307 5.53291e+07
-1.05105 5.70249e+07
-1.03904 5.87208e+07
-1.02703 6.04166e+07
-1.01502 6.21124e+07
-1.00301 6.37575e+07
-0.990994 6.37645e+07
-0.978982 6.3789e+07
-0.96697 6.47004e+07
-0.954958 6.56118e+07
-0.942946 6.47576e+07
-0.930934 6.38778e+07
-0.918922 6.2998e+07
-0.90691 6.21182e+07
-0.894898 6.12384e+07
-0.882886 6.03586e+07
-0.870874 5.94788e+07
-0.858862 5.8599e+07
-0.84685 5.77192e+07
-0.834838 5.68394e+07
-0.822826 5.59596e+07
-0.810814 5.50797e+07
-0.798802 5.41999e+07
-0.78679 5.33201e+07
-0.774778 5.24403e+07
-0.762766 5.15605e+07
-0.750754 5.06807e+07
-0.738742 4.98009e+07
-0.72673 4.89211e+07
-0.714718 4.80413e+07
-0.702706 4.71615e+07
-0.690694 4.62817e+07
-0.678682 4.54019e+07
-0.66667 4.45221e+07
-0.654658 4.36423e+07
-0.642646 4.27625e+07
-0.630634 4.18827e+07
-0.618622 4.10029e+07
-0.60661 4.01231e+07
-0.594598 4.13108e+07
-0.582586 4.29876e+07
-0.570574 4.46643e+07
-0.558562 4.6341e+07
-0.54655 4.80178e+07
-0.534538 4.96945e+07
-0.522526 5.13712e+07
-0.510514 5.3048e+07
-0.498502 5.47247e+07
-0.48649 5.64015e+07
-0.474478 5.80782e+07
-0.462466 5.9755e+07
-0.450454 6.14317e+07
-0.438442 6.31084e+07
-0.42643 6.47852e+07
-0.414418 6.64619e+07
-0.402406 6.81033e+07
-0.390394 6.93808e+07
-0.378382 7.06582e+07
-0.36637 7.19357e+07
-0.354358 7.32132e+07
-0.342346 7.44906e+07
-0.330334 7.57681e+07
-0.318322 7.70456e+07
-0.30631 7.83231e+07
-0.294298 7.96006e+07
-0.282286 8.08781e+07
-0.270274 8.21555e+07
-0.258262 8.3433e+07
-0.24625 8.47105e+07
-0.234238 8.38688e+07
-0.222226 8.29977e+07
-0.210214 8.21267e+07
-0.198202 8.12556e+07
-0.18619 8.03846e+07
-0.174178 7.95136e+07
-0.162166 7.86425e+07
-0.150154 7.77714e+07
-0.138142 7.69004e+07
-0.12613 7.60294e+07
-0.114118 7.51583e+07
-0.102106 7.42873e+07
-0.0900936 7.34162e+07
-0.0780816 7.25452e+07
-0.0660696 7.16741e+07
-0.0540576 7.08031e+07
-0.0420455 6.9932e+07
-0.0300335 6.9061e+07
-0.0180215 6.81899e+07
-0.0060095 6.73189e+07
0.00600251 6.64478e+07
0.0180145 6.55768e+07
0.0300265 6.49562e+07
0.0420385 6.49561e+07
0.0540506 6.49561e+07
0.0660626 6.49561e+07
0.0780746 6.49561e+07
0.0900866 6.4956e+07
0.102099 6.4956e+07
0.114111 6.4956e+07
0.126123 6.49559e+07
0.138135 6.49559e+07
0.150147 6.49559e+07
0.162159 6.49558e+07
0.174171 6.49168e+07
0.186183 6.48674e+07
0.198195 6.4818e+07
0.210207 6.47686e+07
0.222219 6.47192e+07
0.234231 6.46698e+07
0.246243 6.46203e+07
0.258255 6.4571e+07
0.270267 6.45216e+07
0.282279 6.44722e+07
0.294291 6.44228e+07
0.306303 6.43734e+07
0.318315 6.4324e+07
0.330327 6.42745e+07
0.342339 6.42252e+07
0.354351 6.41758e+07
0.366363 6.41263e+07
0.378375 6.40769e+07
0.390387 6.40276e+07
0.402399 6.39782e+07
0.414411 6.39287e+07
0.426423 6.38552e+07
0.438435 6.37575e+07
0.450447 6.36598e+07
0.462459 6.35621e+07
0.474471 6.34644e+07
0.486483 6.33667e+07
0.498495 6.3269e+07
0.510507 6.31713e+07
0.522519 6.30736e+07
0.534531 6.29759e+07
0.546543 6.28782e+07
0.558555 6.27804e+07
0.570567 6.26827e+07
0.582579 6.2585e+07
0.594591 6.24873e+07
0.606603 6.23896e+07
0.618615 6.22919e+07
0.630627 6.21942e+07
0.642639 6.20965e+07
0.654651 6.19988e+07
0.666663 6.1901e+07
0.678675 6.11878e+07
0.690687 6.00949e+07
0.702699 5.9002e+07
0.714711 5.79091e+07
0.726723 5.68163e+07
0.738735 5.57234e+07
0.750747 5.46305e+07
0.762759 5.35377e+07
0.774771 5.24448e+07
0.786783 5.13519e+07
0.798795 5.0259e+07
0.810807 5.05063e+07
0.822819 5.08392e+07
0.834831 5.11721e+07
0.846843 5.1505e+07
0.858855 5.18379e+07
0.870867 5.21707e+07
0.882879 5.25036e+07
0.894891 5.28365e+07
0.906903 5.31694e+07
0.918915 5.35023e+07
0.930927 5.38351e+07
0.942939 5.4168e+07
0.954951 5.45009e+07
0.966963 5.48338e+07
0.978975 5.4493e+07
0.990987 5.38091e+07
1.003 5.31252e+07
1.01501 5.24413e+07
1.02702 5.17574e+07
1.03904 5.10735e+07
1.05105 5.03896e+07
1.06306 4.97057e+07
1.07507 4.90218e+07
1.08708 4.83379e+07
1.0991 4.7654e+07
1.11111 4.69701e+07
1.12312 4.62862e+07
1.13513 4.56023e+07
1.14714 4.49184e+07
1.15916 4.42345e+07
1.17117 4.35506e+07
1.18318 4.28667e+07
1.19519 4.21828e+07
1.2072 4.14989e+07
1.21922 4.0815e+07
1.23123 4.01311e+07
1.24324 3.95806e+07
1.25525 3.92499e+07
1.26726 3.89192e+07
1.27928 3.85886e+07
1.29129 3.82579e+07
1.3033 3.79272e+07
1.31531 3.75966e+07
1.32732 3.72659e+07
1.33934 3.69352e+07
1.35135 3.66046e+07
1.36336 3.62739e+07
1.37537 3.59433e+07
1.38738 3.56126e+07
1.3994 3.52819e+07
1.41141 3.49513e+07
1.42342 3.46206e+07
1.43543 3.42899e+07
1.44744 3.39593e+07
1.45946 3.36286e+07
1.47147 3.3298e+07
1.48348 3.29673e+07
1.49549 3.26366e+07
1.5075 3.2306e+07
1.51952 3.19753e+07
1.53153 3.16447e+07
1.54354 3.1314e+07
1.55555 3.09833e+07
1.56756 3.06527e+07
1.57958 3.0322e+07
1.59159 2.99913e+07
1.6036 2.96607e+07
1.61561 2.933e+07
1.62762 2.89994e+07
1.63964 2.86687e+07
1.65165 2.8338e+07
1.66366 2.80074e+07
1.67567 2.76767e+07
1.68768 2.7346e+07
1.6997 2.70154e+07
1.71171 2.66847e+07
1.72372 2.6354e+07
1.73573 2.60234e+07
1.74774 2.56927e+07
1.75976 2.5362e+07
1.77177 2.50314e+07
1.78378 2.46211e+07
1.79579 2.39316e+07
1.8078 2.32422e+07
1.81982 2.25527e+07
1.83183 2.18632e+07
1.84384 2.11738e+07
1.85585 2.04843e+07
1.86786 1.97948e+07
1.87988 1.91054e+07
1.89189 1.79956e+07
1.9039 1.67914e+07
1.91591 1.55873e+07
1.92792 1.66301e+07
1.93994 1.87406e+07
1.95195 2.08512e+07
1.96396 2.29617e+07
1.97597 2.50723e+07
1.98798 2.71828e+07
2 2.90816e+07
2.01201 2.98714e+07
2.02402 3.06613e+07
2.03603 3.14511e+07
2.04804 3.22409e+07
2.06006 3.30307e+07
2.07207 3.38206e+07
2.08408 3.46104e+07
2.09609 3.54002e+07
2.1081 3.61901e+07
2.12012 3.69799e+07
2.13213 3.77697e+07
2.14414 3.85595e+07
2.15615 3.93494e+07
2.16816 4.01392e+07
2.18018 4.0929e+07
2.19219 4.17189e+07
2.2042 4.25087e+07
2.21621 4.32985e+07
2.22822 4.40884e+07
2.24024 4.48782e+07
2.25225 4.5668e+07
2.26426 4.64578e+07
2.27627 4.72477e+07
2.28828 4.80375e+07
2.3003 4.88273e+07
2.31231 4.96172e+07
2.32432 5.0407e+07
2.33633 5.11968e+07
2.34834 5.19867e+07
2.36036 5.27765e+07
2.37237 5.35663e+07
2.38438 5.43562e+07
2.39639 5.5146e+07
2.4084 5.59358e+07
2.42042 5.67256e+07
2.43243 5.75155e+07
2.44444 5.83053e+07
2.45645 5.90951e+07
2.46846 5.9885e+07
2.48048 6.06748e+07
2.49249 6.14646e+07
2.5045 6.22545e+07
2.51651 6.30443e+07
2.52852 6.38341e+07
2.54054 6.46239e+07
2.55255 6.54138e+07
2.56456 6.62036e+07
2.57657 6.69934e+07
2.58858 6.77832e+07
2.6006 6.85731e+07
2.61261 6.93629e+07
2.62462 7.01527e+07
2.63663 7.09426e+07
2.64864 7.17324e+07
2.66066 7.25222e+07
2.67267 7.33121e+07
2.68468 7.41019e+07
2.69669 7.48917e+07
2.7087 7.55632e+07
2.72072 7.57664e+07
2.73273 7.59697e+07
2.74474 7.6173e+07
2.75675 7.63762e+07
2.76876 7.65795e+07
2.78078 7.67828e+07
2.79279 7.6986e+07
2.8048 7.71893e+07
2.81681 7.73925e+07
2.82882 7.75958e+07
2.84084 7.77991e+07
2.85285 7.80023e+07
2.86486 7.82056e+07
2.87687 7.84088e+07
2.88888 7.86121e+07
2.9009 7.88154e+07
2.91291 7.90186e+07
2.92492 7.92219e+07
2.93693 7.94251e+07
2.94894 7.96284e+07
2.96096 7.98317e+07
2.97297 8.00349e+07
2.98498 8.02382e+07
2.99699 8.04415e+07
3.009 8.06447e+07
3.02102 8.0848e+07
3.03303 8.10513e+07
3.04504 8.12545e+07
3.05705 8.14578e+07
3.06906 8.1661e+07
3.08108 8.18643e+07
3.09309 8.20676e+07
3.1051 8.22708e+07
3.11711 8.24741e+07
3.12912 8.26773e+07
3.14114 8.28806e+07
3.15315 8.30838e+07
3.16516 8.32871e+07
3.17717 8.34904e+07
3.18918 8.36936e+07
3.2012 8.28463e+07
3.21321 8.09582e+07
3.22522 7.907e+07
3.23723 7.71819e+07
3.24924 7.52938e+07
3.26126 7.34056e+07
3.27327 7.15175e+07
3.28528 6.96293e+07
3.29729 6.77412e+07
3.3093 6.5853e+07
3.32132 6.39649e+07
3.33333 6.20767e+07
3.34534 6.01886e+07
3.35735 5.83004e+07
3.36936 5.64123e+07
3.38138 5.45242e+07
3.39339 5.2636e+07
3.4054 5.07479e+07
3.41741 4.88597e+07
3.42942 4.69716e+07
3.44144 4.50834e+07
3.45345 4.31953e+07
3.46546 4.13071e+07
3.47747 3.9419e+07
3.48948 3.75308e+07
3.5015 3.56427e+07
3.51351 3.37546e+07
3.52552 3.18664e+07
3.53753 2.99783e+07
3.54954 2.80901e+07
3.56156 2.6202e+07
3.57357 2.43138e+07
3.58558 2.24257e+07
3.59759 2.05375e+07
3.6096 1.86494e+07
3.62162 1.67612e+07
3.63363 1.48731e+07
3.64564 1.2985e+07
3.65765 1.10968e+07
3.66966 9.20864e+06
3.68168 7.32049e+06
3.69369 7.00977e+06
3.7057 8.83884e+06
3.71771 1.06679e+07
3.72972 1.2497e+07
3.74174 1.4326e+07
3.75375 1.61551e+07
3.76576 1.79841e+07
3.77777 1.98132e+07
3.78978 2.16423e+07
3.8018 2.34713e+07
3.81381 2.53004e+07
3.82582 2.71294e+07
3.83783 2.89585e+07
3.84984 3.07876e+07
3.86186 3.26166e+07
3.87387 3.44457e+07
3.88588 3.62747e+07
3.89789 3.81038e+07
3.9099 3.99329e+07
3.92192 4.17619e+07
3.93393 4.3591e+07
3.94594 4.542e+07
3.95795 4.72491e+07
3.96996 4.90782e+07
3.98198 5.09072e+07
3.99399 5.27363e+07
4.006 5.45653e+07
4.01801 5.63945e+07
4.03002 5.82235e+07
4.04204 6.00526e+07
4.05405 6.18816e+07
4.06606 6.37106e+07
4.07807 6.55397e+07
4.09008 6.73688e+07
4.1021 6.91979e+07
4.11411 7.10269e+07
4.12612 7.28559e+07
4.13813 7.4685e+07
4.15014 7.65141e+07
4.16216 7.83432e+07
4.17417 8.01722e+07
4.18618 8.20012e+07
4.19819 8.38303e+07
4.2102 8.56594e+07
4.22222 8.74885e+07
4.23423 8.93175e+07
4.24624 9.11465e+07
4.25825 9.29756e+07
4.27026 9.48047e+07
4.28228 9.66338e+07
4.29429 9.84628e+07
4.3063 1.00292e+08
4.31831 1.02121e+08
4.33032 1.0395e+08
4.34234 1.05779e+08
4.35435 1.07608e+08
4.36636 1.09437e+08
4.37837 1.11266e+08
4.39038 1.13095e+08
4.4024 1.14924e+08
4.41441 1.16753e+08
4.42642 1.18582e+08
4.43843 1.20412e+08
4.45044 1.22241e+08
4.46246 1.2407e+08
4.47447 1.25899e+08
4.48648 1.27728e+08
4.49849 1.29557e+08
4.5105 1.31386e+08
4.52252 1.33215e+08
4.53453 1.35044e+08
4.54654 1.36873e+08
4.55855 1.38702e+08
4.57056 1.40531e+08
4.58258 1.4236e+08
4.59459 1.44189e+08
4.6066 1.46018e+08
4.61861 1.47847e+08
4.63062 1.49677e+08
4.64264 1.51506e+08
4.65465 1.53335e+08
4.66666 1.55164e+08
4.67867 1.56993e+08
4.69068 1.58822e+08
4.7027 1.60651e+08
4.71471 1.62608e+08
4.72672 1.65045e+08
4.73873 1.67483e+08
4.75074 1.6992e+08
4.76276 1.72358e+08
4.77477 1.74796e+08
4.78678 1.77233e+08
4.79879 1.79671e+08
4.8108 1.81332e+08
4.82282 1.80831e+08
4.83483 1.80329e+08
4.84684 1.79828e+08
4.85885 1.79326e+08
4.87086 1.78825e+08
4.88288 1.78323e+08
4.89489 1.77821e+08
4.9069 1.7732e+08
4.91891 1.76818e+08
4.93092 1.76317e+08
4.94294 1.75765e+08
4.95495 1.74173e+08
4.96696 1.72581e+08
4.97897 1.70989e+08
4.99098 1.69398e+08
5.003 1.67806e+08
5.01501 1.66214e+08
5.02702 1.64622e+08
5.03903 1.6303e+08
5.05104 1.61438e+08
5.06306 1.59846e+08
5.07507 1.58254e+08
5.08708 1.56662e+08
5.09909 1.55071e+08
5.1111 1.53479e+08
5.12312 1.51887e+08
5.13513 1.50295e+08
5.14714 1.48703e+08
5.15915 1.47111e+08
5.17116 1.45519e+08
5.18318 1.43927e+08
5.19519 1.42335e+08
5.2072 1.40744e+08
5.21921 1.39152e+08
5.23123 1.3756e+08
5.24324 1.35968e+08
5.25525 1.34376e+08
5.26726 1.32784e+08
5.27927 1.31192e+08
5.29129 1.296e+08
5.3033 1.28009e+08
5.31531 1.26417e+08
5.32732 1.24825e+08
5.33933 1.23233e+08
5.35135 1.21641e+08
5.36336 1.20049e+08
5.37537 1.18457e+08
5.38738 1.16865e+08
5.39939 1.15273e+08
5.41141 1.13682e+08
5.42342 1.1209e+08
5.43543 1.10498e+08
5.44744 1.08906e+08
5.45945 1.07314e+08
5.47147 1.05722e+08
5.48348 1.0413e+08
5.49549 1.02538e+08
5.5075 1.00947e+08
5.51951 9.93546e+07
5.53153 9.77627e+07
5.54354 9.61708e+07
5.55555 9.4579e+07
5.56756 9.2987e+07
5.57957 9.13952e+07
5.59159 8.98033e+07
5.6036 8.82114e+07
5.61561 8.66195e+07
5.62762 8.50276e+07
5.63963 8.34358e+07
5.65165 8.18439e+07
5.66366 8.0252e+07
5.67567 7.86601e+07
5.68768 7.70682e+07
5.69969 7.54763e+07
5.71171 7.38845e+07
5.72372 7.22925e+07
5.73573 7.07007e+07
5.74774 6.91088e+07
5.75975 6.75169e+07
5.77177 6.59251e+07
5.78378 6.43331e+07
5.79579 6.27412e+07
5.8078 6.11494e+07
5.81981 5.95575e+07
5.83183 5.79656e+07
5.84384 5.63737e+07
5.85585 5.47818e+07
5.86786 5.319e+07
5.87987 5.15981e+07
5.89189 5.00062e+07
5.9039 4.84143e+07
5.91591 4.68224e+07
5.92792 4.52305e+07
5.93993 4.36386e+07
5.95195 4.20467e+07
5.96396 4.04548e+07
5.97597 3.8863e+07
5.98798 3.72711e+07
5.99999 3.56792e+07
