-6 7.97478e+07
-5.98799 8.03423e+07
-5.97598 8.09368e+07
-5.96396 8.15314e+07
-5.95195 8.21258e+07
-5.93994 8.27203e+07
-5.92793 8.33149e+07
-5.91592 8.39093e+07
-5.9039 8.45038e+07
-5.89189 8.50983e+07
-5.87988 8.56928e+07
-5.86787 8.62874e+07
-5.85586 8.68819e+07
-5.84384 8.74763e+07
-5.83183 8.8078e+07
-5.81982 8.86802e+07
-5.80781 8.92824e+07
-5.7958 8.98847e+07
-5.78378 9.04869e+07
-5.77177 9.10892e+07
-5.75976 9.16915e+07
-5.74775 9.22937e+07
-5.73574 9.28959e+07
-5.72372 9.34982e+07
-5.71171 9.41004e+07
-5.6997 9.47026e+07
-5.68769 9.53049e+07
-5.67568 9.59072e+07
-5.66366 9.65094e+07
-5.65165 9.71117e+07
-5.63964 9.7714e+07
-5.62763 9.83162e+07
-5.61562 9.89184e+07
-5.6036 9.95207e+07
-5.59159 1.00123e+08
-5.57958 1.00725e+08
-5.56757 1.01327e+08
-5.55556 1.0193e+08
-5.54354 1.02532e+08
-5.53153 1.03134e+08
-5.51952 1.03736e+08
-5.50751 1.04339e+08
-5.4955 1.04941e+08
-5.48348 1.05543e+08
-5.47147 1.06145e+08
-5.45946 1.06748e+08
-5.44745 1.0735e+08
-5.43544 1.07952e+08
-5.42342 1.08554e+08
-5.41141 1.09157e+08
-5.3994 1.09759e+08
-5.38739 1.10361e+08
-5.37538 1.10963e+08
-5.36336 1.11566e+08
-5.35135 1.12168e+08
-5.33934 1.1277e+08
-5.32733 1.13372e+08
-5.31532 1.13975e+08
-5.3033 1.14577e+08
-5.29129 1.15179e+08
-5.27928 1.14632e+08
-5.26727 1.13682e+08
-5.25526 1.12732e+08
-5.24324 1.11782e+08
-5.23123 1.10832e+08
-5.21922 1.09882e+08
-5.20721 1.08932e+08
-5.1952 1.07982e+08
-5.18318 1.07032e+08
-5.17117 1.06083e+08
-5.15916 1.05133e+08
-5.14715 1.04183e+08
-5.13514 1.03233e+08
-5.12312 1.02283e+08
-5.11111 1.01333e+08
-5.0991 1.00383e+08
-5.08709 9.94328e+07
-5.07508 9.84829e+07
-5.06306 9.75329e+07
-5.05105 9.6583e+07
-5.03904 9.56331e+07
-5.02703 9.46831e+07
-5.01502 9.37331e+07
-5.003 9.27832e+07
-4.99099 9.18332e+07
-4.97898 9.08833e+07
-4.96697 8.99334e+07
-4.95496 8.89834e+07
-4.94294 8.80335e+07
-4.93093 8.70835e+07
-4.91892 8.61336e+07
-4.90691 8.51836e+07
-4.8949 8.42336e+07
-4.88288 8.32837e+07
-4.87087 8.23338e+07
-4.85886 8.13838e+07
-4.84685 8.04338e+07
-4.83484 7.94839e+07
-4.82282 7.85339e+07
-4.81081 7.7584e+07
-4.7988 7.66341e+07
-4.78679 7.56841e+07
-4.77478 7.47341e+07
-4.76276 7.37842e+07
-4.75075 7.28342e+07
-4.73874 7.18843e+07
-4.72673 7.09344e+07
-4.71472 6.99844e+07
-4.7027 6.90344e+07
-4.69069 6.80845e+07
-4.67868 6.71345e+07
-4.66667 6.61846e+07
-4.65466 6.52346e+07
-4.64264 6.42847e+07
-4.63063 6.33347e+07
-4.61862 6.23848e+07
-4.60661 6.1088e+07
-4.5946 5.97103e+07
-4.58258 5.83327e+07
-4.57057 5.6955e+07
-4.55856 5.55773e+07
-4.54655 5.41997e+07
-4.53454 5.42857e+07
-4.52252 5.4838e+07
-4.51051 5.53902e+07
-4.4985 5.59425e+07
-4.48649 5.59183e+07
-4.47448 5.58932e+07
-4.46246 5.58682e+07
-4.45045 5.58431e+07
-4.43844 5.5818e+07
-4.42643 5.5793e+07
-4.41442 5.57679e+07
-4.4024 5.57429e+07
-4.39039 5.57178e+07
-4.37838 5.56927e+07
-4.36637 5.56677e+07
-4.35436 5.56426e+07
-4.34234 5.56176e+07
-4.33033 5.55925e+07
-4.31832 5.55674e+07
-4.30631 5.55424e+07
-4.2943 5.55173e+07
-4.28228 5.54923e+07
-4.27027 5.54672e+07
-4.25826 5.54421e+07
-4.24625 5.54171e+07
-4.23424 5.5392e+07
-4.22222 5.5367e+07
-4.21021 5.53419e+07
-4.1982 5.53168e+07
-4.18619 5.52918e+07
-4.17418 5.52667e+07
-4.16216 5.52417e+07
-4.15015 5.52166e+07
-4.13814 5.51915e+07
-4.12613 5.51665e+07
-4.11412 5.51414e+07
-4.1021 5.51164e+07
-4.09009 5.50913e+07
-4.07808 5.50662e+07
-4.06607 5.50412e+07
-4.05406 5.50161e+07
-4.04204 5.4991e+07
-4.03003 5.4966e+07
-4.01802 5.49409e+07
-4.00601 5.49159e+07
-3.994 5.48908e+07
-3.98198 5.48657e+07
-3.96997 5.48407e+07
-3.95796 5.48156e+07
-3.94595 5.47906e+07
-3.93394 5.47655e+07
-3.92192 5.47404e+07
-3.90991 5.47154e+07
-3.8979 5.46903e+07
-3.88589 5.46653e+07
-3.87388 5.46402e+07
-3.86186 5.46151e+07
-3.84985 5.45901e+07
-3.83784 5.4565e+07
-3.82583 5.454e+07
-3.81382 5.45149e+07
-3.8018 5.44898e+07
-3.78979 5.44648e+07
-3.77778 5.44397e+07
-3.76577 5.44147e+07
-3.75376 5.43896e+07
-3.74174 5.43645e+07
-3.72973 5.41472e+07
-3.71772 5.33562e+07
-3.70571 5.25652e+07
-3.6937 5.17742e+07
-3.68168 5.09832e+07
-3.66967 5.01922e+07
-3.65766 4.94012e+07
-3.64565 4.86102e+07
-3.63364 4.78192e+07
-3.62162 4.70282e+07
-3.60961 4.62373e+07
-3.5976 4.54463e+07
-3.58559 4.46553e+07
-3.57358 4.38709e+07
-3.56156 4.41528e+07
-3.54955 4.44347e+07
-3.53754 4.47166e+07
-3.52553 4.49985e+07
-3.51351 4.52804e+07
-3.5015 4.55623e+07
-3.48949 4.58442e+07
-3.47748 4.61261e+07
-3.46547 4.6408e+07
-3.45345 4.66899e+07
-3.44144 4.69718e+07
-3.42943 4.72537e+07
-3.41742 4.75356e+07
-3.40541 4.78175e+07
-3.39339 4.80994e+07
-3.38138 4.83813e+07
-3.36937 4.86632e+07
-3.35736 4.89451e+07
-3.34535 4.9227e+07
-3.33333 4.95089e+07
-3.32132 4.97908e+07
-3.30931 5.00727e+07
-3.2973 5.03546e+07
-3.28529 5.06365e+07
-3.27327 5.09184e+07
-3.26126 5.12003e+07
-3.24925 5.14822e+07
-3.23724 5.17641e+07
-3.22523 5.2046e+07
-3.21321 5.23279e+07
-3.2012 5.26098e+07
-3.18919 5.28917e+07
-3.17718 5.31736e+07
-3.16517 5.34555e+07
-3.15315 5.37374e+07
-3.14114 5.40193e+07
-3.12913 5.43012e+07
-3.11712 5.45831e+07
-3.10511 5.4865e+07
-3.09309 5.50689e+07
-3.08108 5.50905e+07
-3.06907 5.51121e+07
-3.05706 5.51337e+07
-3.04505 5.51553e+07
-3.03303 5.51769e+07
-3.02102 5.51985e+07
-3.00901 5.52201e+07
-2.997 5.52417e+07
-2.98499 5.52633e+07
-2.97297 5.52849e+07
-2.96096 5.53065e+07
-2.94895 5.53281e+07
-2.93694 5.53497e+07
-2.92493 5.53713e+07
-2.91291 5.53929e+07
-2.9009 5.54145e+07
-2.88889 5.54361e+07
-2.87688 5.54577e+07
-2.86487 5.54793e+07
-2.85285 5.55009e+07
-2.84084 5.55225e+07
-2.82883 5.55441e+07
-2.81682 5.55657e+07
-2.80481 5.55873e+07
-2.79279 5.54189e+07
-2.78078 5.51145e+07
-2.76877 5.48101e+07
-2.75676 5.45056e+07
-2.74475 5.42012e+07
-2.73273 5.38968e+07
-2.72072 5.35923e+07
-2.70871 5.32879e+07
-2.6967 5.30488e+07
-2.68469 5.29263e+07
-2.67267 5.28038e+07
-2.66066 5.26812e+07
-2.64865 5.25587e+07
-2.63664 5.24362e+07
-2.62463 5.23136e+07
-2.61261 5.21911e+07
-2.6006 5.20686e+07
-2.58859 5.1946e+07
-2.57658 5.18235e+07
-2.56457 5.1701e+07
-2.55255 5.15785e+07
-2.54054 5.14559e+07
-2.52853 5.13334e+07
-2.51652 5.09506e+07
-2.50451 5.03932e+07
-2.49249 4.98358e+07
-2.48048 4.92784e+07
-2.46847 4.8721e+07
-2.45646 4.81636e+07
-2.44445 4.76062e+07
-2.43243 4.70488e+07
-2.42042 4.64914e+07
-2.40841 4.5934e+07
-2.3964 4.53766e+07
-2.38439 4.48192e+07
-2.37237 4.42618e+07
-2.36036 4.37044e+07
-2.34835 4.31471e+07
-2.33634 4.25896e+07
-2.32433 4.20323e+07
-2.31231 4.14749e+07
-2.3003 4.09175e+07
-2.28829 4.03601e+07
-2.27628 3.98027e+07
-2.26427 3.92453e+07
-2.25225 3.86879e+07
-2.24024 3.81305e+07
-2.22823 3.75731e+07
-2.21622 3.70157e+07
-2.20421 3.64583e+07
-2.19219 3.59009e+07
-2.18018 3.53435e+07
-2.16817 3.47861e+07
-2.15616 3.42287e+07
-2.14415 3.36713e+07
-2.13213 3.38014e+07
-2.12012 3.40844e+07
-2.10811 3.43673e+07
-2.0961 3.46502e+07
-2.08409 3.49332e+07
-2.07207 3.52161e+07
-2.06006 3.5499e+07
-2.04805 3.5782e+07
-2.03604 3.60649e+07
-2.02403 3.63478e+07
-2.01201 3.66307e+07
-2 3.69137e+07
-1.98799 3.71966e+07
-1.97598 3.74795e+07
-1.96397 3.77625e+07
-1.95195 3.80454e+07
-1.93994 3.83283e+07
-1.92793 3.86113e+07
-1.91592 3.88942e+07
-1.90391 3.91771e+07
-1.89189 3.94601e+07
-1.87988 3.9743e+07
-1.86787 4.00259e+07
-1.85586 4.03089e+07
-1.84385 4.05918e+07
-1.83183 4.08747e+07
-1.81982 4.11696e+07
-1.80781 4.16813e+07
-1.7958 4.21929e+07
-1.78379 4.27046e+07
-1.77177 4.32163e+07
-1.75976 4.37279e+07
-1.74775 4.42396e+07
-1.73574 4.47513e+07
-1.72373 4.5263e+07
-1.71171 4.57746e+07
-1.6997 4.62863e+07
-1.68769 4.6798e+07
-1.67568 4.73096e+07
-1.66367 4.78213e+07
-1.65165 4.8333e+07
-1.63964 4.88446e+07
-1.62763 4.93563e+07
-1.61562 4.90295e+07
-1.60361 4.84714e+07
-1.59159 4.79132e+07
-1.57958 4.73551e+07
-1.56757 4.67969e+07
-1.55556 4.62388e+07
-1.54355 4.56806e+07
-1.53153 4.51225e+07
-1.51952 4.45643e+07
-1.50751 4.40061e+07
-1.4955 4.3448e+07
-1.48349 4.28899e+07
-1.47147 4.23317e+07
-1.45946 4.24543e+07
-1.44745 4.26051e+07
-1.43544 4.27559e+07
-1.42343 4.29066e+07
-1.41141 4.30574e+07
-1.3994 4.32082e+07
-1.38739 4.3359e+07
-1.37538 4.35098e+07
-1.36337 4.36606e+07
-1.35135 4.38209e+07
-1.33934 4.407e+07
-1.32733 4.43192e+07
-1.31532 4.45683e+07
-1.30331 4.48174e+07
-1.29129 4.50666e+07
-1.27928 4.53157e+07
-1.26727 4.55649e+07
-1.25526 4.5814e+07
-1.24325 4.60631e+07
-1.23123 4.63123e+07
-1.21922 4.65614e+07
-1.20721 4.68105e+07
-1.1952 4.70597e+07
-1.18319 4.73088e+07
-1.17117 4.7558e+07
-1.15916 4.78071e+07
-1.14715 4.80562e+07
-1.13514 4.83054e+07
-1.12313 4.85545e+07
-1.11111 4.88036e+07
-1.0991 4.90528e+07
-1.08709 4.94658e+07
-1.07508 4.99418e+07
-1.06307 5.04178e+07
-1.05105 5.08939e+07
-1.03904 5.13699e+07
-1.02703 5.1361e+07
-1.01502 5.09758e+07
-1.00301 5.05906e+07
-0.990994 5.02053e+07
-0.978982 4.99616e+07
-0.96697 4.99171e+07
-0.954958 4.98726e+07
-0.942946 4.98282e+07
-0.930934 4.97837e+07
-0.918922 4.97393e+07
-0.90691 4.96948e+07
-0.894898 4.96503e+07
-0.882886 4.96058e+07
-0.870874 4.95614e+07
-0.858862 4.95169e+07
-0.84685 4.94725e+07
-0.834838 4.9428e+07
-0.822826 4.94456e+07
-0.810814 4.98008e+07
-0.798802 5.01559e+07
-0.78679 5.05111e+07
-0.774778 5.08663e+07
-0.762766 5.12215e+07
-0.750754 5.15766e+07
-0.738742 5.19318e+07
-0.72673 5.2287e+07
-0.714718 5.26422e+07
-0.702706 5.29974e+07
-0.690694 5.33525e+07
-0.678682 5.37077e+07
-0.66667 5.40629e+07
-0.654658 5.44181e+07
-0.642646 5.38545e+07
-0.630634 5.30595e+07
-0.618622 5.24155e+07
-0.60661 5.36401e+07
-0.594598 5.48647e+07
-0.582586 5.60893e+07
-0.570574 5.73138e+07
-0.558562 5.85384e+07
-0.54655 5.9763e+07
-0.534538 6.09875e+07
-0.522526 6.2184e+07
-0.510514 6.33707e+07
-0.498502 6.45574e+07
-0.48649 6.57441e+07
-0.474478 6.69308e+07
-0.462466 6.81176e+07
-0.450454 6.93043e+07
-0.438442 7.0491e+07
-0.42643 7.15839e+07
-0.414418 7.17772e+07
-0.402406 7.19706e+07
-0.390394 7.2164e+07
-0.378382 7.18673e+07
-0.36637 7.15158e+07
-0.354358 7.11643e+07
-0.342346 7.08128e+07
-0.330334 7.04614e+07
-0.318322 7.01098e+07
-0.30631 6.97584e+07
-0.294298 6.94069e+07
-0.282286 6.90554e+07
-0.270274 6.87039e+07
-0.258262 6.83524e+07
-0.24625 6.80009e+07
-0.234238 6.80519e+07
-0.222226 6.90972e+07
-0.210214 7.01424e+07
-0.198202 7.11878e+07
-0.18619 7.22331e+07
-0.174178 7.32785e+07
-0.162166 7.43237e+07
-0.150154 7.42462e+07
-0.138142 7.41371e+07
-0.12613 7.4028e+07
-0.114118 7.3919e+07
-0.102106 7.38099e+07
-0.0900936 7.37008e+07
-0.0780816 7.35917e+07
-0.0660696 7.34827e+07
-0.0540576 7.33736e+07
-0.0420455 7.3222e+07
-0.0300335 7.28069e+07
-0.0180215 7.23918e+07
-0.0060095 7.19767e+07
0.00600251 7.15615e+07
0.0180145 7.11464e+07
0.0300265 7.07313e+07
0.0420385 7.03162e+07
0.0540506 7.0598e+07
0.0660626 7.09934e+07
0.0780746 7.13886e+07
0.0900866 7.17839e+07
0.102099 7.21792e+07
0.114111 7.25745e+07
0.126123 7.29697e+07
0.138135 7.3365e+07
0.150147 7.37603e+07
0.162159 7.41418e+07
0.174171 7.40216e+07
0.186183 7.39013e+07
0.198195 7.3781e+07
0.210207 7.36607e+07
0.222219 7.35404e+07
0.234231 7.342e+07
0.246243 7.26079e+07
0.258255 7.15148e+07
0.270267 7.04217e+07
0.282279 6.93286e+07
0.294291 6.82355e+07
0.306303 6.71424e+07
0.318315 6.60494e+07
0.330327 6.49562e+07
0.342339 6.38632e+07
0.354351 6.277e+07
0.366363 6.1677e+07
0.378375 6.05839e+07
0.390387 5.95732e+07
0.402399 5.93013e+07
0.414411 5.90294e+07
0.426423 5.87575e+07
0.438435 5.84361e+07
0.450447 5.81097e+07
0.462459 5.77833e+07
0.474471 5.7457e+07
0.486483 5.71306e+07
0.498495 5.68041e+07
0.510507 5.64778e+07
0.522519 5.61514e+07
0.534531 5.60115e+07
0.546543 5.64034e+07
0.558555 5.67954e+07
0.570567 5.71873e+07
0.582579 5.75792e+07
0.594591 5.79712e+07
0.606603 5.83631e+07
0.618615 5.87551e+07
0.630627 5.77296e+07
0.642639 5.65285e+07
0.654651 5.53766e+07
0.666663 5.51624e+07
0.678675 5.49481e+07
0.690687 5.47339e+07
0.702699 5.45197e+07
0.714711 5.43054e+07
0.726723 5.40912e+07
0.738735 5.3877e+07
0.750747 5.36627e+07
0.762759 5.34485e+07
0.774771 5.32342e+07
0.786783 5.302e+07
0.798795 5.28058e+07
0.810807 5.25916e+07
0.822819 5.23811e+07
0.834831 5.21803e+07
0.846843 5.19794e+07
0.858855 5.17785e+07
0.870867 5.15777e+07
0.882879 5.13768e+07
0.894891 5.11759e+07
0.906903 5.09751e+07
0.918915 5.07742e+07
0.930927 5.05733e+07
0.942939 5.03724e+07
0.954951 5.01716e+07
0.966963 4.99707e+07
0.978975 4.91427e+07
0.990987 4.76476e+07
1.003 4.61525e+07
1.01501 4.46574e+07
1.02702 4.31623e+07
1.03904 4.16672e+07
1.05105 4.21631e+07
1.06306 4.31114e+07
1.07507 4.40597e+07
1.08708 4.5008e+07
1.0991 4.59563e+07
1.11111 4.69045e+07
1.12312 4.77764e+07
1.13513 4.79997e+07
1.14714 4.8223e+07
1.15916 4.84464e+07
1.17117 4.86697e+07
1.18318 4.88931e+07
1.19519 4.91164e+07
1.2072 4.93397e+07
1.21922 4.9563e+07
1.23123 4.97864e+07
1.24324 5.00097e+07
1.25525 5.02331e+07
1.26726 5.01003e+07
1.27928 4.989e+07
1.29129 4.96798e+07
1.3033 4.94696e+07
1.31531 4.92594e+07
1.32732 4.90492e+07
1.33934 4.88389e+07
1.35135 4.86287e+07
1.36336 4.84185e+07
1.37537 4.82082e+07
1.38738 4.7998e+07
1.3994 4.75964e+07
1.41141 4.66879e+07
1.42342 4.57794e+07
1.43543 4.48709e+07
1.44744 4.39624e+07
1.45946 4.30539e+07
1.47147 4.21455e+07
1.48348 4.12369e+07
1.49549 4.03285e+07
1.5075 3.99436e+07
1.51952 4.0045e+07
1.53153 4.01464e+07
1.54354 4.02477e+07
1.55555 4.03491e+07
1.56756 4.04505e+07
1.57958 4.05519e+07
1.59159 4.06532e+07
1.6036 4.07546e+07
1.61561 4.0856e+07
1.62762 4.08577e+07
1.63964 4.08362e+07
1.65165 4.08147e+07
1.66366 4.07933e+07
1.67567 4.07718e+07
1.68768 4.07503e+07
1.6997 4.07288e+07
1.71171 4.07073e+07
1.72372 4.06859e+07
1.73573 4.06644e+07
1.74774 4.06429e+07
1.75976 4.06214e+07
1.77177 4.06e+07
1.78378 4.05785e+07
1.79579 4.0557e+07
1.8078 4.05356e+07
1.81982 4.05141e+07
1.83183 4.05301e+07
1.84384 4.05545e+07
1.85585 4.0579e+07
1.86786 4.06035e+07
1.87988 4.06279e+07
1.89189 4.06524e+07
1.9039 4.06769e+07
1.91591 4.07014e+07
1.92792 4.07258e+07
1.93994 4.07503e+07
1.95195 4.07748e+07
1.96396 4.07992e+07
1.97597 4.08237e+07
1.98798 4.08482e+07
2 4.08726e+07
2.01201 4.08971e+07
2.02402 4.09216e+07
2.03603 4.0946e+07
2.04804 4.09705e+07
2.06006 4.0995e+07
2.07207 4.10194e+07
2.08408 4.10439e+07
2.09609 4.10684e+07
2.1081 4.10929e+07
2.12012 4.11173e+07
2.13213 4.11418e+07
2.14414 4.11479e+07
2.15615 4.10722e+07
2.16816 4.09966e+07
2.18018 4.0921e+07
2.19219 4.08454e+07
2.2042 4.07697e+07
2.21621 4.06941e+07
2.22822 4.06185e+07
2.24024 4.05429e+07
2.25225 4.04672e+07
2.26426 4.03916e+07
2.27627 4.0316e+07
2.28828 4.02404e+07
2.3003 4.01647e+07
2.31231 4.00891e+07
2.32432 4.00135e+07
2.33633 3.99378e+07
2.34834 3.98622e+07
2.36036 3.97866e+07
2.37237 3.9711e+07
2.38438 3.96353e+07
2.39639 3.95597e+07
2.4084 3.94841e+07
2.42042 3.94085e+07
2.43243 3.93328e+07
2.44444 3.92572e+07
2.45645 3.91816e+07
2.46846 3.9106e+07
2.48048 3.90303e+07
2.49249 3.89547e+07
2.5045 3.88791e+07
2.51651 3.88034e+07
2.52852 3.87022e+07
2.54054 3.85931e+07
2.55255 3.84839e+07
2.56456 3.83748e+07
2.57657 3.82657e+07
2.58858 3.81566e+07
2.6006 3.80475e+07
2.61261 3.79383e+07
2.62462 3.78292e+07
2.63663 3.77201e+07
2.64864 3.7611e+07
2.66066 3.75018e+07
2.67267 3.73927e+07
2.68468 3.72836e+07
2.69669 3.71745e+07
2.7087 3.73948e+07
2.72072 3.77523e+07
2.73273 3.81097e+07
2.74474 3.84672e+07
2.75675 3.88246e+07
2.76876 3.9182e+07
2.78078 3.95395e+07
2.79279 3.98969e+07
2.8048 4.02544e+07
2.81681 4.05309e+07
2.82882 4.06511e+07
2.84084 4.07713e+07
2.85285 4.08915e+07
2.86486 4.10117e+07
2.87687 4.11318e+07
2.88888 4.1252e+07
2.9009 4.13722e+07
2.91291 4.14924e+07
2.92492 4.16126e+07
2.93693 4.17328e+07
2.94894 4.18529e+07
2.96096 4.19731e+07
2.97297 4.20933e+07
2.98498 4.22135e+07
2.99699 4.23337e+07
3.009 4.24539e+07
3.02102 4.2574e+07
3.03303 4.26942e+07
3.04504 4.28144e+07
3.05705 4.29346e+07
3.06906 4.30548e+07
3.08108 4.3175e+07
3.09309 4.32952e+07
3.1051 4.34153e+07
3.11711 4.35355e+07
3.12912 4.36557e+07
3.14114 4.37759e+07
3.15315 4.38961e+07
3.16516 4.40162e+07
3.17717 4.41364e+07
3.18918 4.42566e+07
3.2012 4.43768e+07
3.21321 4.4497e+07
3.22522 4.46172e+07
3.23723 4.47374e+07
3.24924 4.48575e+07
3.26126 4.49777e+07
3.27327 4.50979e+07
3.28528 4.52181e+07
3.29729 4.53383e+07
3.3093 4.54584e+07
3.32132 4.55786e+07
3.33333 4.56988e+07
3.34534 4.5819e+07
3.35735 4.59392e+07
3.36936 4.60594e+07
3.38138 4.61795e+07
3.39339 4.62997e+07
3.4054 4.64199e+07
3.41741 4.65401e+07
3.42942 4.66603e+07
3.44144 4.67805e+07
3.45345 4.69355e+07
3.46546 4.71035e+07
3.47747 4.72715e+07
3.48948 4.74395e+07
3.5015 4.76075e+07
3.51351 4.77755e+07
3.52552 4.79435e+07
3.53753 4.81115e+07
3.54954 4.82795e+07
3.56156 4.84475e+07
3.57357 4.86155e+07
3.58558 4.87835e+07
3.59759 4.89515e+07
3.6096 4.91302e+07
3.62162 4.93995e+07
3.63363 4.96688e+07
3.64564 4.9937e+07
3.65765 5.02031e+07
3.66966 5.04692e+07
3.68168 5.07354e+07
3.69369 5.10015e+07
3.7057 5.12676e+07
3.71771 5.15337e+07
3.72972 5.17999e+07
3.74174 5.2066e+07
3.75375 5.23321e+07
3.76576 5.25983e+07
3.77777 5.28644e+07
3.78978 5.31305e+07
3.8018 5.33966e+07
3.81381 5.36627e+07
3.82582 5.39289e+07
3.83783 5.4195e+07
3.84984 5.44612e+07
3.86186 5.47273e+07
3.87387 5.49934e+07
3.88588 5.52595e+07
3.89789 5.55256e+07
3.9099 5.57918e+07
3.92192 5.60579e+07
3.93393 5.6324e+07
3.94594 5.65901e+07
3.95795 5.68563e+07
3.96996 5.71224e+07
3.98198 5.73885e+07
3.99399 5.76546e+07
4.006 5.79208e+07
4.01801 5.81869e+07
4.03002 5.84531e+07
4.04204 5.87192e+07
4.05405 5.89853e+07
4.06606 5.92514e+07
4.07807 5.95175e+07
4.09008 5.97837e+07
4.1021 6.00498e+07
4.11411 6.03159e+07
4.12612 6.0582e+07
4.13813 6.08482e+07
4.15014 6.11143e+07
4.16216 6.13804e+07
4.17417 6.16466e+07
4.18618 6.19127e+07
4.19819 6.21788e+07
4.2102 6.24449e+07
4.22222 6.2711e+07
4.23423 6.29772e+07
4.24624 6.32433e+07
4.25825 6.35094e+07
4.27026 6.37755e+07
4.28228 6.40417e+07
4.29429 6.43078e+07
4.3063 6.45739e+07
4.31831 6.48401e+07
4.33032 6.51062e+07
4.34234 6.53723e+07
4.35435 6.56384e+07
4.36636 6.59046e+07
4.37837 6.61707e+07
4.39038 6.64368e+07
4.4024 6.67029e+07
4.41441 6.69691e+07
4.42642 6.72352e+07
4.43843 6.75013e+07
4.45044 6.77674e+07
4.46246 6.80336e+07
4.47447 6.8027e+07
4.48648 6.77417e+07
4.49849 6.74564e+07
4.5105 6.7171e+07
4.52252 6.68857e+07
4.53453 6.66004e+07
4.54654 6.75195e+07
4.55855 6.86973e+07
4.57056 6.98752e+07
4.58258 7.1053e+07
4.59459 7.22309e+07
4.6066 7.34087e+07
4.61861 7.45866e+07
4.63062 7.57644e+07
4.64264 7.69422e+07
4.65465 7.7768e+07
4.66666 7.84053e+07
4.67867 7.90427e+07
4.69068 7.96801e+07
4.7027 8.03174e+07
4.71471 8.09548e+07
4.72672 8.15922e+07
4.73873 8.22296e+07
4.75074 8.28669e+07
4.76276 8.35043e+07
4.77477 8.41417e+07
4.78678 8.4779e+07
4.79879 8.54164e+07
4.8108 8.60538e+07
4.82282 8.66912e+07
4.83483 8.73285e+07
4.84684 8.79659e+07
4.85885 8.86032e+07
4.87086 8.92406e+07
4.88288 8.9878e+07
4.89489 9.05154e+07
4.9069 9.11527e+07
4.91891 9.17901e+07
4.93092 9.24275e+07
4.94294 9.30649e+07
4.95495 9.37022e+07
4.96696 9.43396e+07
4.97897 9.49769e+07
4.99098 9.56143e+07
5.003 9.62517e+07
5.01501 9.68891e+07
5.02702 9.75264e+07
5.03903 9.81638e+07
5.05104 9.88011e+07
5.06306 9.94386e+07
5.07507 1.00076e+08
5.08708 1.00713e+08
5.09909 1.01351e+08
5.1111 1.01988e+08
5.12312 1.02625e+08
5.13513 1.03263e+08
5.14714 1.039e+08
5.15915 1.04538e+08
5.17116 1.05175e+08
5.18318 1.05812e+08
5.19519 1.0645e+08
5.2072 1.07087e+08
5.21921 1.07724e+08
5.23123 1.08362e+08
5.24324 1.08999e+08
5.25525 1.09636e+08
5.26726 1.10274e+08
5.27927 1.10911e+08
5.29129 1.11256e+08
5.3033 1.10726e+08
5.31531 1.10196e+08
5.32732 1.09665e+08
5.33933 1.09135e+08
5.35135 1.08605e+08
5.36336 1.08075e+08
5.37537 1.07545e+08
5.38738 1.07015e+08
5.39939 1.06485e+08
5.41141 1.05954e+08
5.42342 1.05424e+08
5.43543 1.04894e+08
5.44744 1.04364e+08
5.45945 1.03834e+08
5.47147 1.03304e+08
5.48348 1.02774e+08
5.49549 1.02243e+08
5.5075 1.01713e+08
5.51951 1.01183e+08
5.53153 1.00653e+08
5.54354 1.00123e+08
5.55555 9.95927e+07
5.56756 9.90625e+07
5.57957 9.85323e+07
5.59159 9.80022e+07
5.6036 9.74721e+07
5.61561 9.6942e+07
5.62762 9.64118e+07
5.63963 9.58816e+07
5.65165 9.53514e+07
5.66366 9.48213e+07
5.67567 9.42912e+07
5.68768 9.3761e+07
5.69969 9.32309e+07
5.71171 9.27007e+07
5.72372 9.21706e+07
5.73573 9.16404e+07
5.74774 9.11103e+07
5.75975 9.05801e+07
5.77177 9.005e+07
5.78378 8.95199e+07
5.79579 8.89897e+07
5.8078 8.84595e+07
5.81981 8.79294e+07
5.83183 8.73993e+07
5.84384 8.68835e+07
5.85585 8.64323e+07
5.86786 8.5981e+07
5.87987 8.55298e+07
5.89189 8.50787e+07
5.9039 8.46273e+07
5.91591 8.41762e+07
5.92792 8.3725e+07
5.93993 8.32738e+07
5.95195 8.28226e+07
5.96396 8.23713e+07
5.97597 8.19202e+07
5.98798 8.1469e+07
5.99999 8.10177e+07
