-6 1.14661e+08
-5.98799 1.15362e+08
-5.97598 1.16064e+08
-5.96396 1.16766e+08
-5.95195 1.17468e+08
-5.93994 1.1817e+08
-5.92793 1.18871e+08
-5.91592 1.19573e+08
-5.9039 1.20275e+08
-5.89189 1.20977e+08
-5.87988 1.21678e+08
-5.86787 1.2238e+08
-5.85586 1.23082e+08
-5.84384 1.23784e+08
-5.83183 1.24486e+08
-5.81982 1.25187e+08
-5.80781 1.25323e+08
-5.7958 1.2528e+08
-5.78378 1.25237e+08
-5.77177 1.25194e+08
-5.75976 1.24871e+08
-5.74775 1.2453e+08
-5.73574 1.24189e+08
-5.72372 1.23761e+08
-5.71171 1.22798e+08
-5.6997 1.21835e+08
-5.68769 1.20872e+08
-5.67568 1.19909e+08
-5.66366 1.18946e+08
-5.65165 1.17984e+08
-5.63964 1.17021e+08
-5.62763 1.16058e+08
-5.61562 1.15095e+08
-5.6036 1.14132e+08
-5.59159 1.13169e+08
-5.57958 1.12206e+08
-5.56757 1.11244e+08
-5.55556 1.10281e+08
-5.54354 1.09318e+08
-5.53153 1.09306e+08
-5.51952 1.09416e+08
-5.50751 1.09526e+08
-5.4955 1.09636e+08
-5.48348 1.09745e+08
-5.47147 1.09855e+08
-5.45946 1.09965e+08
-5.44745 1.10075e+08
-5.43544 1.10185e+08
-5.42342 1.10294e+08
-5.41141 1.10404e+08
-5.3994 1.10514e+08
-5.38739 1.10624e+08
-5.37538 1.10733e+08
-5.36336 1.10843e+08
-5.35135 1.1071e+08
-5.33934 1.10433e+08
-5.32733 1.10156e+08
-5.31532 1.09879e+08
-5.3033 1.09426e+08
-5.29129 1.08936e+08
-5.27928 1.08445e+08
-5.26727 1.07953e+08
-5.25526 1.07134e+08
-5.24324 1.06315e+08
-5.23123 1.05495e+08
-5.21922 1.04676e+08
-5.20721 1.03856e+08
-5.1952 1.03037e+08
-5.18318 1.02218e+08
-5.17117 1.01398e+08
-5.15916 1.00579e+08
-5.14715 9.97596e+07
-5.13514 9.89399e+07
-5.12312 9.81206e+07
-5.11111 9.73011e+07
-5.0991 9.64817e+07
-5.08709 9.56624e+07
-5.07508 9.53974e+07
-5.06306 9.516e+07
-5.05105 9.49225e+07
-5.03904 9.46853e+07
-5.02703 9.44479e+07
-5.01502 9.42107e+07
-5.003 9.39732e+07
-4.99099 9.37359e+07
-4.97898 9.34986e+07
-4.96697 9.32611e+07
-4.95496 9.30237e+07
-4.94294 9.27864e+07
-4.93093 9.25491e+07
-4.91892 9.23116e+07
-4.90691 9.2073e+07
-4.8949 9.16857e+07
-4.88288 9.12986e+07
-4.87087 9.09113e+07
-4.85886 9.05243e+07
-4.84685 9.01162e+07
-4.83484 8.95989e+07
-4.82282 8.90816e+07
-4.81081 8.85643e+07
-4.7988 8.8047e+07
-4.78679 8.75297e+07
-4.77478 8.70123e+07
-4.76276 8.64948e+07
-4.75075 8.59776e+07
-4.73874 8.54603e+07
-4.72673 8.49429e+07
-4.71472 8.44256e+07
-4.7027 8.39083e+07
-4.69069 8.33539e+07
-4.67868 8.27839e+07
-4.66667 8.22141e+07
-4.65466 8.16442e+07
-4.64264 8.10743e+07
-4.63063 8.05044e+07
-4.61862 7.99346e+07
-4.60661 7.93646e+07
-4.5946 7.87635e+07
-4.58258 7.79901e+07
-4.57057 7.74823e+07
-4.55856 7.74755e+07
-4.54655 7.74685e+07
-4.53454 7.74616e+07
-4.52252 7.74546e+07
-4.51051 7.74478e+07
-4.4985 7.74408e+07
-4.48649 7.74338e+07
-4.47448 7.7427e+07
-4.46246 7.742e+07
-4.45045 7.74131e+07
-4.43844 7.74061e+07
-4.42643 7.73993e+07
-4.41442 7.73924e+07
-4.4024 7.72716e+07
-4.39039 7.7131e+07
-4.37838 7.69903e+07
-4.36637 7.68498e+07
-4.35436 7.67091e+07
-4.34234 7.65685e+07
-4.33033 7.64279e+07
-4.31832 7.62873e+07
-4.30631 7.61834e+07
-4.2943 7.62488e+07
-4.28228 7.55186e+07
-4.27027 7.47203e+07
-4.25826 7.39219e+07
-4.24625 7.31235e+07
-4.23424 7.2325e+07
-4.22222 7.15265e+07
-4.21021 7.07281e+07
-4.1982 6.99297e+07
-4.18619 6.91313e+07
-4.17418 6.83329e+07
-4.16216 6.75343e+07
-4.15015 6.67358e+07
-4.13814 6.59374e+07
-4.12613 6.5139e+07
-4.11412 6.43405e+07
-4.1021 6.35421e+07
-4.09009 6.27437e+07
-4.07808 6.19453e+07
-4.06607 6.11468e+07
-4.05406 6.03484e+07
-4.04204 5.99332e+07
-4.03003 5.9832e+07
-4.01802 5.99093e+07
-4.00601 5.99867e+07
-3.994 6.0064e+07
-3.98198 6.01414e+07
-3.96997 6.02187e+07
-3.95796 6.02961e+07
-3.94595 6.03734e+07
-3.93394 6.04508e+07
-3.92192 6.05281e+07
-3.90991 6.06055e+07
-3.8979 6.06829e+07
-3.88589 6.07602e+07
-3.87388 6.08376e+07
-3.86186 6.0915e+07
-3.84985 6.09922e+07
-3.83784 6.10696e+07
-3.82583 6.11469e+07
-3.81382 6.12243e+07
-3.8018 6.10708e+07
-3.78979 6.05623e+07
-3.77778 6.02777e+07
-3.76577 6.00457e+07
-3.75376 5.98136e+07
-3.74174 5.95816e+07
-3.72973 5.93496e+07
-3.71772 5.91176e+07
-3.70571 5.88856e+07
-3.6937 5.86535e+07
-3.68168 5.84214e+07
-3.66967 5.81894e+07
-3.65766 5.79574e+07
-3.64565 5.77254e+07
-3.63364 5.74933e+07
-3.62162 5.72613e+07
-3.60961 5.70292e+07
-3.5976 5.67972e+07
-3.58559 5.65652e+07
-3.57358 5.63332e+07
-3.56156 5.61011e+07
-3.54955 5.61197e+07
-3.53754 5.60066e+07
-3.52553 5.55595e+07
-3.51351 5.51123e+07
-3.5015 5.46652e+07
-3.48949 5.4218e+07
-3.47748 5.37709e+07
-3.46547 5.33237e+07
-3.45345 5.28766e+07
-3.44144 5.24294e+07
-3.42943 5.19822e+07
-3.41742 5.15351e+07
-3.40541 5.10879e+07
-3.39339 5.06408e+07
-3.38138 5.01936e+07
-3.36937 4.97465e+07
-3.35736 4.92993e+07
-3.34535 4.88522e+07
-3.33333 4.8405e+07
-3.32132 4.79579e+07
-3.30931 4.76318e+07
-3.2973 4.74033e+07
-3.28529 4.74871e+07
-3.27327 4.75989e+07
-3.26126 4.77106e+07
-3.24925 4.78224e+07
-3.23724 4.79342e+07
-3.22523 4.80459e+07
-3.21321 4.81577e+07
-3.2012 4.82695e+07
-3.18919 4.83812e+07
-3.17718 4.8493e+07
-3.16517 4.86048e+07
-3.15315 4.87165e+07
-3.14114 4.88283e+07
-3.12913 4.894e+07
-3.11712 4.90518e+07
-3.10511 4.91636e+07
-3.09309 4.92753e+07
-3.08108 4.93871e+07
-3.06907 4.94215e+07
-3.05706 4.90673e+07
-3.04505 4.87757e+07
-3.03303 4.85414e+07
-3.02102 4.83072e+07
-3.00901 4.80729e+07
-2.997 4.78386e+07
-2.98499 4.76044e+07
-2.97297 4.73701e+07
-2.96096 4.71358e+07
-2.94895 4.69016e+07
-2.93694 4.66673e+07
-2.92493 4.64331e+07
-2.91291 4.61988e+07
-2.9009 4.59645e+07
-2.88889 4.57303e+07
-2.87688 4.5496e+07
-2.86487 4.52617e+07
-2.85285 4.50275e+07
-2.84084 4.47932e+07
-2.82883 4.45589e+07
-2.81682 4.45812e+07
-2.80481 4.467e+07
-2.79279 4.45296e+07
-2.78078 4.43892e+07
-2.76877 4.42487e+07
-2.75676 4.41083e+07
-2.74475 4.39679e+07
-2.73273 4.38276e+07
-2.72072 4.36871e+07
-2.70871 4.35468e+07
-2.6967 4.34064e+07
-2.68469 4.3266e+07
-2.67267 4.31255e+07
-2.66066 4.29852e+07
-2.64865 4.28448e+07
-2.63664 4.27044e+07
-2.62463 4.2564e+07
-2.61261 4.24236e+07
-2.6006 4.22831e+07
-2.58859 4.21428e+07
-2.57658 4.20023e+07
-2.56457 4.16628e+07
-2.55255 4.18014e+07
-2.54054 4.19401e+07
-2.52853 4.20787e+07
-2.51652 4.22174e+07
-2.50451 4.2356e+07
-2.49249 4.24947e+07
-2.48048 4.26333e+07
-2.46847 4.2772e+07
-2.45646 4.29106e+07
-2.44445 4.30493e+07
-2.43243 4.31879e+07
-2.42042 4.33266e+07
-2.40841 4.34652e+07
-2.3964 4.36039e+07
-2.38439 4.37425e+07
-2.37237 4.38812e+07
-2.36036 4.40198e+07
-2.34835 4.41585e+07
-2.33634 4.42952e+07
-2.32433 4.44218e+07
-2.31231 4.42918e+07
-2.3003 4.41211e+07
-2.28829 4.39504e+07
-2.27628 4.37797e+07
-2.26427 4.36089e+07
-2.25225 4.34382e+07
-2.24024 4.32675e+07
-2.22823 4.30967e+07
-2.21622 4.2926e+07
-2.20421 4.27553e+07
-2.19219 4.25846e+07
-2.18018 4.24138e+07
-2.16817 4.22431e+07
-2.15616 4.20724e+07
-2.14415 4.19017e+07
-2.13213 4.1731e+07
-2.12012 4.15602e+07
-2.10811 4.13895e+07
-2.0961 4.12188e+07
-2.08409 4.10481e+07
-2.07207 4.09816e+07
-2.06006 4.10984e+07
-2.04805 4.118e+07
-2.03604 4.12616e+07
-2.02403 4.13432e+07
-2.01201 4.14248e+07
-2 4.15064e+07
-1.98799 4.1588e+07
-1.97598 4.16695e+07
-1.96397 4.17511e+07
-1.95195 4.18328e+07
-1.93994 4.19143e+07
-1.92793 4.19959e+07
-1.91592 4.20775e+07
-1.90391 4.21591e+07
-1.89189 4.22407e+07
-1.87988 4.23223e+07
-1.86787 4.24038e+07
-1.85586 4.24854e+07
-1.84385 4.2567e+07
-1.83183 4.26486e+07
-1.81982 4.27302e+07
-1.80781 4.26159e+07
-1.7958 4.24288e+07
-1.78379 4.22415e+07
-1.77177 4.23024e+07
-1.75976 4.25115e+07
-1.74775 4.27205e+07
-1.73574 4.29296e+07
-1.72373 4.31387e+07
-1.71171 4.33478e+07
-1.6997 4.35568e+07
-1.68769 4.36355e+07
-1.67568 4.36532e+07
-1.66367 4.36709e+07
-1.65165 4.36886e+07
-1.63964 4.37063e+07
-1.62763 4.3724e+07
-1.61562 4.37417e+07
-1.60361 4.37593e+07
-1.59159 4.3777e+07
-1.57958 4.37948e+07
-1.56757 4.38125e+07
-1.55556 4.3761e+07
-1.54355 4.36471e+07
-1.53153 4.35331e+07
-1.51952 4.34192e+07
-1.50751 4.33052e+07
-1.4955 4.31913e+07
-1.48349 4.30774e+07
-1.47147 4.29634e+07
-1.45946 4.28495e+07
-1.44745 4.27356e+07
-1.43544 4.26216e+07
-1.42343 4.25076e+07
-1.41141 4.23937e+07
-1.3994 4.22798e+07
-1.38739 4.21659e+07
-1.37538 4.21166e+07
-1.36337 4.24338e+07
-1.35135 4.2751e+07
-1.33934 4.30682e+07
-1.32733 4.33854e+07
-1.31532 4.36969e+07
-1.30331 4.39557e+07
-1.29129 4.42146e+07
-1.27928 4.44734e+07
-1.26727 4.47323e+07
-1.25526 4.49912e+07
-1.24325 4.525e+07
-1.23123 4.55148e+07
-1.21922 4.58053e+07
-1.20721 4.60956e+07
-1.1952 4.63861e+07
-1.18319 4.66765e+07
-1.17117 4.69669e+07
-1.15916 4.72573e+07
-1.14715 4.75477e+07
-1.13514 4.78325e+07
-1.12313 4.81125e+07
-1.11111 4.83925e+07
-1.0991 4.86726e+07
-1.08709 4.89525e+07
-1.07508 4.92326e+07
-1.06307 4.95126e+07
-1.05105 4.97926e+07
-1.03904 5.00726e+07
-1.02703 5.0164e+07
-1.01502 5.02026e+07
-1.00301 5.02413e+07
-0.990994 5.02799e+07
-0.978982 5.03186e+07
-0.96697 5.03573e+07
-0.954958 5.05066e+07
-0.942946 5.09846e+07
-0.930934 5.14625e+07
-0.918922 5.18293e+07
-0.90691 5.18694e+07
-0.894898 5.19095e+07
-0.882886 5.19497e+07
-0.870874 5.19898e+07
-0.858862 5.20299e+07
-0.84685 5.207e+07
-0.834838 5.21101e+07
-0.822826 5.21502e+07
-0.810814 5.21904e+07
-0.798802 5.24219e+07
-0.78679 5.53239e+07
-0.774778 5.8226e+07
-0.762766 6.11281e+07
-0.750754 6.40301e+07
-0.738742 6.62395e+07
-0.72673 6.47091e+07
-0.714718 6.31787e+07
-0.702706 6.16483e+07
-0.690694 6.01179e+07
-0.678682 5.85875e+07
-0.66667 5.70571e+07
-0.654658 5.55267e+07
-0.642646 5.39964e+07
-0.630634 5.33122e+07
-0.618622 5.53264e+07
-0.60661 5.73405e+07
-0.594598 5.93546e+07
-0.582586 6.13688e+07
-0.570574 6.33829e+07
-0.558562 6.53969e+07
-0.54655 6.74111e+07
-0.534538 6.93239e+07
-0.522526 6.81455e+07
-0.510514 6.69673e+07
-0.498502 6.59627e+07
-0.48649 6.5811e+07
-0.474478 6.56594e+07
-0.462466 6.55078e+07
-0.450454 6.53561e+07
-0.438442 6.52044e+07
-0.42643 6.72683e+07
-0.414418 6.96406e+07
-0.402406 7.2013e+07
-0.390394 7.43853e+07
-0.378382 7.66301e+07
-0.36637 7.55448e+07
-0.354358 7.44595e+07
-0.342346 7.33743e+07
-0.330334 7.23943e+07
-0.318322 7.14388e+07
-0.30631 7.04834e+07
-0.294298 6.95281e+07
-0.282286 6.85726e+07
-0.270274 6.76172e+07
-0.258262 6.87908e+07
-0.24625 7.17433e+07
-0.234238 7.2596e+07
-0.222226 7.28358e+07
-0.210214 7.30757e+07
-0.198202 7.33155e+07
-0.18619 7.35553e+07
-0.174178 7.37951e+07
-0.162166 7.40349e+07
-0.150154 7.27807e+07
-0.138142 7.22204e+07
-0.12613 7.26173e+07
-0.114118 7.30142e+07
-0.102106 7.34112e+07
-0.0900936 7.38081e+07
-0.0780816 7.42049e+07
-0.0660696 7.46019e+07
-0.0540576 7.49988e+07
-0.0420455 7.59404e+07
-0.0300335 7.57787e+07
-0.0180215 7.5617e+07
-0.0060095 7.54553e+07
0.00600251 7.52936e+07
0.0180145 7.51319e+07
0.0300265 7.49702e+07
0.0420385 7.48086e+07
0.0540506 7.37088e+07
0.0660626 7.3723e+07
0.0780746 7.37371e+07
0.0900866 7.37513e+07
0.102099 7.37654e+07
0.114111 7.37796e+07
0.126123 7.37937e+07
0.138135 7.38079e+07
0.150147 7.45756e+07
0.162159 7.57693e+07
0.174171 7.56462e+07
0.186183 7.55232e+07
0.198195 7.54001e+07
0.210207 7.52771e+07
0.222219 7.5154e+07
0.234231 7.5031e+07
0.246243 7.43364e+07
0.258255 7.16776e+07
0.270267 6.98983e+07
0.282279 6.91732e+07
0.294291 6.84482e+07
0.306303 6.7723e+07
0.318315 6.6998e+07
0.330327 6.6273e+07
0.342339 6.61906e+07
0.354351 6.893e+07
0.366363 7.16697e+07
0.378375 7.44092e+07
0.390387 7.45059e+07
0.402399 7.44994e+07
0.414411 7.44931e+07
0.426423 7.44867e+07
0.438435 7.40607e+07
0.450447 7.06077e+07
0.462459 6.71548e+07
0.474471 6.3702e+07
0.486483 6.02491e+07
0.498495 5.67963e+07
0.510507 5.60991e+07
0.522519 5.59659e+07
0.534531 5.58327e+07
0.546543 5.77429e+07
0.558555 5.97206e+07
0.570567 6.16983e+07
0.582579 6.36759e+07
0.594591 6.56536e+07
0.606603 6.76312e+07
0.618615 6.96088e+07
0.630627 7.15865e+07
0.642639 6.97202e+07
0.654651 6.65208e+07
0.666663 6.33213e+07
0.678675 6.0122e+07
0.690687 5.69225e+07
0.702699 5.37231e+07
0.714711 5.05237e+07
0.726723 4.93521e+07
0.738735 4.91983e+07
0.750747 4.90444e+07
0.762759 4.88906e+07
0.774771 4.87367e+07
0.786783 4.96954e+07
0.798795 5.1445e+07
0.810807 5.31944e+07
0.822819 5.49439e+07
0.834831 5.66935e+07
0.846843 5.84429e+07
0.858855 5.70591e+07
0.870867 5.47098e+07
0.882879 5.23605e+07
0.894891 5.1515e+07
0.906903 5.11584e+07
0.918915 5.08018e+07
0.930927 5.04453e+07
0.942939 5.00887e+07
0.954951 4.97322e+07
0.966963 4.93756e+07
0.978975 4.9019e+07
0.990987 4.86625e+07
1.003 4.83059e+07
1.01501 4.80585e+07
1.02702 4.78342e+07
1.03904 4.76098e+07
1.05105 4.73854e+07
1.06306 4.71611e+07
1.07507 4.692e+07
1.08708 4.66753e+07
1.0991 4.64306e+07
1.11111 4.61859e+07
1.12312 4.59412e+07
1.13513 4.56965e+07
1.14714 4.54518e+07
1.15916 4.53333e+07
1.17117 4.52521e+07
1.18318 4.51708e+07
1.19519 4.50895e+07
1.2072 4.50082e+07
1.21922 4.49269e+07
1.23123 4.48456e+07
1.24324 4.47643e+07
1.25525 4.4683e+07
1.26726 4.46018e+07
1.27928 4.43914e+07
1.29129 4.40893e+07
1.3033 4.37871e+07
1.31531 4.34849e+07
1.32732 4.31828e+07
1.33934 4.29086e+07
1.35135 4.30072e+07
1.36336 4.31057e+07
1.37537 4.32042e+07
1.38738 4.33027e+07
1.3994 4.34013e+07
1.41141 4.34998e+07
1.42342 4.35983e+07
1.43543 4.36969e+07
1.44744 4.37954e+07
1.45946 4.38939e+07
1.47147 4.39925e+07
1.48348 4.4091e+07
1.49549 4.41895e+07
1.5075 4.4138e+07
1.51952 4.40266e+07
1.53153 4.39152e+07
1.54354 4.38037e+07
1.55555 4.36923e+07
1.56756 4.35809e+07
1.57958 4.34694e+07
1.59159 4.3358e+07
1.6036 4.32466e+07
1.61561 4.31351e+07
1.62762 4.30237e+07
1.63964 4.29122e+07
1.65165 4.28008e+07
1.66366 4.26894e+07
1.67567 4.2578e+07
1.68768 4.24665e+07
1.6997 4.23551e+07
1.71171 4.22437e+07
1.72372 4.20367e+07
1.73573 4.15948e+07
1.74774 4.11528e+07
1.75976 4.09448e+07
1.77177 4.11646e+07
1.78378 4.13433e+07
1.79579 4.14093e+07
1.8078 4.14752e+07
1.81982 4.15412e+07
1.83183 4.16071e+07
1.84384 4.16731e+07
1.85585 4.17391e+07
1.86786 4.1805e+07
1.87988 4.1871e+07
1.89189 4.19369e+07
1.9039 4.20029e+07
1.91591 4.20689e+07
1.92792 4.21348e+07
1.93994 4.22008e+07
1.95195 4.22668e+07
1.96396 4.23327e+07
1.97597 4.23987e+07
1.98798 4.24647e+07
2 4.25306e+07
2.01201 4.25966e+07
2.02402 4.26625e+07
2.03603 4.27285e+07
2.04804 4.27944e+07
2.06006 4.27666e+07
2.07207 4.26874e+07
2.08408 4.2716e+07
2.09609 4.27444e+07
2.1081 4.27729e+07
2.12012 4.28014e+07
2.13213 4.28299e+07
2.14414 4.28584e+07
2.15615 4.28868e+07
2.16816 4.29153e+07
2.18018 4.29439e+07
2.19219 4.29724e+07
2.2042 4.30009e+07
2.21621 4.30293e+07
2.22822 4.30578e+07
2.24024 4.30863e+07
2.25225 4.31148e+07
2.26426 4.31433e+07
2.27627 4.31624e+07
2.28828 4.31705e+07
2.3003 4.31787e+07
2.31231 4.31868e+07
2.32432 4.32266e+07
2.33633 4.31115e+07
2.34834 4.29965e+07
2.36036 4.28815e+07
2.37237 4.27665e+07
2.38438 4.26515e+07
2.39639 4.25365e+07
2.4084 4.24215e+07
2.42042 4.23065e+07
2.43243 4.21915e+07
2.44444 4.20764e+07
2.45645 4.19614e+07
2.46846 4.18464e+07
2.48048 4.17314e+07
2.49249 4.16164e+07
2.5045 4.15014e+07
2.51651 4.13864e+07
2.52852 4.12714e+07
2.54054 4.11564e+07
2.55255 4.10414e+07
2.56456 4.09705e+07
2.57657 4.10411e+07
2.58858 4.12558e+07
2.6006 4.1501e+07
2.61261 4.17461e+07
2.62462 4.19913e+07
2.63663 4.22364e+07
2.64864 4.24815e+07
2.66066 4.27267e+07
2.67267 4.29718e+07
2.68468 4.3217e+07
2.69669 4.34621e+07
2.7087 4.37073e+07
2.72072 4.39524e+07
2.73273 4.41975e+07
2.74474 4.44427e+07
2.75675 4.46878e+07
2.76876 4.4933e+07
2.78078 4.51781e+07
2.79279 4.54232e+07
2.8048 4.56684e+07
2.81681 4.56936e+07
2.82882 4.57166e+07
2.84084 4.58672e+07
2.85285 4.60179e+07
2.86486 4.61685e+07
2.87687 4.6319e+07
2.88888 4.64697e+07
2.9009 4.66203e+07
2.91291 4.6771e+07
2.92492 4.69215e+07
2.93693 4.70722e+07
2.94894 4.72228e+07
2.96096 4.73734e+07
2.97297 4.7524e+07
2.98498 4.76746e+07
2.99699 4.78253e+07
3.009 4.79759e+07
3.02102 4.81265e+07
3.03303 4.82771e+07
3.04504 4.84277e+07
3.05705 4.86252e+07
3.06906 4.88762e+07
3.08108 4.89135e+07
3.09309 4.8908e+07
3.1051 4.89024e+07
3.11711 4.88969e+07
3.12912 4.88914e+07
3.14114 4.88859e+07
3.15315 4.88804e+07
3.16516 4.88749e+07
3.17717 4.88694e+07
3.18918 4.88639e+07
3.2012 4.88583e+07
3.21321 4.88528e+07
3.22522 4.88473e+07
3.23723 4.88418e+07
3.24924 4.88363e+07
3.26126 4.88308e+07
3.27327 4.88253e+07
3.28528 4.88198e+07
3.29729 4.88368e+07
3.3093 4.91121e+07
3.32132 4.94037e+07
3.33333 4.9716e+07
3.34534 5.00282e+07
3.35735 5.03404e+07
3.36936 5.06526e+07
3.38138 5.09648e+07
3.39339 5.1277e+07
3.4054 5.15893e+07
3.41741 5.19015e+07
3.42942 5.22137e+07
3.44144 5.25259e+07
3.45345 5.28381e+07
3.46546 5.31504e+07
3.47747 5.34626e+07
3.48948 5.37748e+07
3.5015 5.4087e+07
3.51351 5.43992e+07
3.52552 5.47114e+07
3.53753 5.50237e+07
3.54954 5.52005e+07
3.56156 5.53245e+07
3.57357 5.55491e+07
3.58558 5.57737e+07
3.59759 5.59984e+07
3.6096 5.6223e+07
3.62162 5.64477e+07
3.63363 5.66723e+07
3.64564 5.6897e+07
3.65765 5.71216e+07
3.66966 5.73462e+07
3.68168 5.75709e+07
3.69369 5.77955e+07
3.7057 5.80202e+07
3.71771 5.82448e+07
3.72972 5.84694e+07
3.74174 5.86941e+07
3.75375 5.89188e+07
3.76576 5.91433e+07
3.77777 5.9368e+07
3.78978 5.96182e+07
3.8018 5.99658e+07
3.81381 6.01467e+07
3.82582 6.02178e+07
3.83783 6.0289e+07
3.84984 6.03603e+07
3.86186 6.04314e+07
3.87387 6.05026e+07
3.88588 6.05738e+07
3.89789 6.0645e+07
3.9099 6.07161e+07
3.92192 6.07874e+07
3.93393 6.08586e+07
3.94594 6.09297e+07
3.95795 6.10009e+07
3.96996 6.10721e+07
3.98198 6.11433e+07
3.99399 6.12145e+07
4.006 6.12856e+07
4.01801 6.13568e+07
4.03002 6.14281e+07
4.04204 6.15981e+07
4.05405 6.1961e+07
4.06606 6.26555e+07
4.07807 6.335e+07
4.09008 6.40446e+07
4.1021 6.4739e+07
4.11411 6.54336e+07
4.12612 6.61283e+07
4.13813 6.68228e+07
4.15014 6.75172e+07
4.16216 6.82117e+07
4.17417 6.89063e+07
4.18618 6.96008e+07
4.19819 7.02954e+07
4.2102 7.099e+07
4.22222 7.16845e+07
4.23423 7.2379e+07
4.24624 7.30735e+07
4.25825 7.37681e+07
4.27026 7.44626e+07
4.28228 7.51572e+07
4.29429 7.58057e+07
4.3063 7.59194e+07
4.31831 7.60309e+07
4.33032 7.61419e+07
4.34234 7.6253e+07
4.35435 7.6364e+07
4.36636 7.64751e+07
4.37837 7.65862e+07
4.39038 7.66972e+07
4.4024 7.68083e+07
4.41441 7.69018e+07
4.42642 7.69054e+07
4.43843 7.6909e+07
4.45044 7.69124e+07
4.46246 7.6916e+07
4.47447 7.69195e+07
4.48648 7.69231e+07
4.49849 7.69266e+07
4.5105 7.69302e+07
4.52252 7.69337e+07
4.53453 7.69372e+07
4.54654 7.69408e+07
4.55855 7.69443e+07
4.57056 7.69479e+07
4.58258 7.74372e+07
4.59459 7.81836e+07
4.6066 7.87872e+07
4.61861 7.93656e+07
4.63062 7.99441e+07
4.64264 8.05226e+07
4.65465 8.1101e+07
4.66666 8.16795e+07
4.67867 8.2258e+07
4.69068 8.28363e+07
4.7027 8.34063e+07
4.71471 8.39578e+07
4.72672 8.45096e+07
4.73873 8.50613e+07
4.75074 8.56128e+07
4.76276 8.61646e+07
4.77477 8.67164e+07
4.78678 8.7268e+07
4.79879 8.78196e+07
4.8108 8.83712e+07
4.82282 8.8923e+07
4.83483 8.94747e+07
4.84684 9.00263e+07
4.85885 9.04001e+07
4.87086 9.07393e+07
4.88288 9.10787e+07
4.89489 9.14179e+07
4.9069 9.17572e+07
4.91891 9.20204e+07
4.93092 9.22779e+07
4.94294 9.25357e+07
4.95495 9.27933e+07
4.96696 9.30509e+07
4.97897 9.33086e+07
4.99098 9.35663e+07
5.003 9.3824e+07
5.01501 9.40817e+07
5.02702 9.43392e+07
5.03903 9.4597e+07
5.05104 9.48546e+07
5.06306 9.51124e+07
5.07507 9.537e+07
5.08708 9.5645e+07
5.09909 9.64377e+07
5.1111 9.72303e+07
5.12312 9.80231e+07
5.13513 9.8816e+07
5.14714 9.96086e+07
5.15915 1.00401e+08
5.17116 1.01194e+08
5.18318 1.01987e+08
5.19519 1.0278e+08
5.2072 1.03572e+08
5.21921 1.04365e+08
5.23123 1.05158e+08
5.24324 1.0595e+08
5.25525 1.06743e+08
5.26726 1.07536e+08
5.27927 1.08062e+08
5.29129 1.08588e+08
5.3033 1.09113e+08
5.31531 1.0959e+08
5.32732 1.09839e+08
5.33933 1.10088e+08
5.35135 1.10336e+08
5.36336 1.10463e+08
5.37537 1.10383e+08
5.38738 1.10303e+08
5.39939 1.10223e+08
5.41141 1.10143e+08
5.42342 1.10063e+08
5.43543 1.09983e+08
5.44744 1.09903e+08
5.45945 1.09823e+08
5.47147 1.09743e+08
5.48348 1.09662e+08
5.49549 1.09582e+08
5.5075 1.09502e+08
5.51951 1.09422e+08
5.53153 1.09342e+08
5.54354 1.09376e+08
5.55555 1.1031e+08
5.56756 1.11243e+08
5.57957 1.12176e+08
5.59159 1.13109e+08
5.6036 1.14042e+08
5.61561 1.14975e+08
5.62762 1.15908e+08
5.63963 1.16842e+08
5.65165 1.17775e+08
5.66366 1.18708e+08
5.67567 1.19641e+08
5.68768 1.20574e+08
5.69969 1.21507e+08
5.71171 1.2244e+08
5.72372 1.23374e+08
5.73573 1.2382e+08
5.74774 1.24186e+08
5.75975 1.24553e+08
5.77177 1.24899e+08
5.78378 1.24918e+08
5.79579 1.24937e+08
5.8078 1.24956e+08
5.81981 1.2481e+08
5.83183 1.24139e+08
5.84384 1.23468e+08
5.85585 1.22796e+08
5.86786 1.22125e+08
5.87987 1.21454e+08
5.89189 1.20783e+08
5.9039 1.20111e+08
5.91591 1.1944e+08
5.92792 1.18769e+08
5.93993 1.18097e+08
5.95195 1.17426e+08
5.96396 1.16755e+08
5.97597 1.16084e+08
5.98798 1.15412e+08
5.99999 1.14741e+08
