-6 7.3451e+07
-5.98799 7.39407e+07
-5.97598 7.44304e+07
-5.96396 7.49203e+07
-5.95195 7.541e+07
-5.93994 7.58997e+07
-5.92793 7.63895e+07
-5.91592 7.68793e+07
-5.9039 7.7369e+07
-5.89189 7.78588e+07
-5.87988 7.83485e+07
-5.86787 7.88382e+07
-5.85586 7.9328e+07
-5.84384 7.98177e+07
-5.83183 8.03075e+07
-5.81982 8.07972e+07
-5.80781 8.1287e+07
-5.7958 8.17767e+07
-5.78378 8.22665e+07
-5.77177 8.27563e+07
-5.75976 8.3246e+07
-5.74775 8.37357e+07
-5.73574 8.42255e+07
-5.72372 8.47153e+07
-5.71171 8.5205e+07
-5.6997 8.56948e+07
-5.68769 8.61845e+07
-5.67568 8.66743e+07
-5.66366 8.7164e+07
-5.65165 8.76538e+07
-5.63964 8.81435e+07
-5.62763 8.86333e+07
-5.61562 8.9123e+07
-5.6036 8.96127e+07
-5.59159 9.01025e+07
-5.57958 9.05923e+07
-5.56757 9.1082e+07
-5.55556 9.15717e+07
-5.54354 9.20615e+07
-5.53153 9.25512e+07
-5.51952 9.3041e+07
-5.50751 9.35308e+07
-5.4955 9.40205e+07
-5.48348 9.45102e+07
-5.47147 9.5e+07
-5.45946 9.54898e+07
-5.44745 9.59795e+07
-5.43544 9.64692e+07
-5.42342 9.6959e+07
-5.41141 9.74488e+07
-5.3994 9.79385e+07
-5.38739 9.84283e+07
-5.37538 9.8918e+07
-5.36336 9.94078e+07
-5.35135 9.98975e+07
-5.33934 1.00387e+08
-5.32733 1.00877e+08
-5.31532 1.01367e+08
-5.3033 1.01857e+08
-5.29129 1.02346e+08
-5.27928 1.02836e+08
-5.26727 1.03326e+08
-5.25526 1.03816e+08
-5.24324 1.04305e+08
-5.23123 1.04795e+08
-5.21922 1.05285e+08
-5.20721 1.05774e+08
-5.1952 1.06264e+08
-5.18318 1.06754e+08
-5.17117 1.07244e+08
-5.15916 1.07734e+08
-5.14715 1.08223e+08
-5.13514 1.08713e+08
-5.12312 1.09203e+08
-5.11111 1.09693e+08
-5.0991 1.10182e+08
-5.08709 1.10672e+08
-5.07508 1.11162e+08
-5.06306 1.11652e+08
-5.05105 1.12141e+08
-5.03904 1.12631e+08
-5.02703 1.13121e+08
-5.01502 1.13611e+08
-5.003 1.141e+08
-4.99099 1.1459e+08
-4.97898 1.1508e+08
-4.96697 1.1557e+08
-4.95496 1.16059e+08
-4.94294 1.16549e+08
-4.93093 1.17039e+08
-4.91892 1.17529e+08
-4.90691 1.18018e+08
-4.8949 1.18508e+08
-4.88288 1.18998e+08
-4.87087 1.19488e+08
-4.85886 1.19977e+08
-4.84685 1.20467e+08
-4.83484 1.20957e+08
-4.82282 1.21447e+08
-4.81081 1.21936e+08
-4.7988 1.22426e+08
-4.78679 1.22916e+08
-4.77478 1.23406e+08
-4.76276 1.23895e+08
-4.75075 1.24385e+08
-4.73874 1.24875e+08
-4.72673 1.25365e+08
-4.71472 1.25854e+08
-4.7027 1.26344e+08
-4.69069 1.26834e+08
-4.67868 1.27324e+08
-4.66667 1.27813e+08
-4.65466 1.28303e+08
-4.64264 1.28793e+08
-4.63063 1.29152e+08
-4.61862 1.29369e+08
-4.60661 1.29585e+08
-4.5946 1.29802e+08
-4.58258 1.30018e+08
-4.57057 1.30235e+08
-4.55856 1.30451e+08
-4.54655 1.30668e+08
-4.53454 1.30884e+08
-4.52252 1.31101e+08
-4.51051 1.31317e+08
-4.4985 1.31534e+08
-4.48649 1.3175e+08
-4.47448 1.31967e+08
-4.46246 1.32183e+08
-4.45045 1.324e+08
-4.43844 1.32616e+08
-4.42643 1.32833e+08
-4.41442 1.33049e+08
-4.4024 1.33266e+08
-4.39039 1.32551e+08
-4.37838 1.31737e+08
-4.36637 1.30923e+08
-4.35436 1.30109e+08
-4.34234 1.29295e+08
-4.33033 1.2848e+08
-4.31832 1.27666e+08
-4.30631 1.26852e+08
-4.2943 1.26038e+08
-4.28228 1.25224e+08
-4.27027 1.2441e+08
-4.25826 1.23595e+08
-4.24625 1.22781e+08
-4.23424 1.21967e+08
-4.22222 1.21153e+08
-4.21021 1.20339e+08
-4.1982 1.19525e+08
-4.18619 1.1871e+08
-4.17418 1.17896e+08
-4.16216 1.17082e+08
-4.15015 1.16268e+08
-4.13814 1.15454e+08
-4.12613 1.1464e+08
-4.11412 1.13825e+08
-4.1021 1.13011e+08
-4.09009 1.12197e+08
-4.07808 1.11383e+08
-4.06607 1.10569e+08
-4.05406 1.09755e+08
-4.04204 1.0894e+08
-4.03003 1.08126e+08
-4.01802 1.07312e+08
-4.00601 1.06498e+08
-3.994 1.05684e+08
-3.98198 1.0487e+08
-3.96997 1.04055e+08
-3.95796 1.03241e+08
-3.94595 1.02427e+08
-3.93394 1.01613e+08
-3.92192 1.00799e+08
-3.90991 9.99846e+07
-3.8979 9.91704e+07
-3.88589 9.83563e+07
-3.87388 9.75421e+07
-3.86186 9.67279e+07
-3.84985 9.59138e+07
-3.83784 9.50996e+07
-3.82583 9.42854e+07
-3.81382 9.34713e+07
-3.8018 9.26571e+07
-3.78979 9.18429e+07
-3.77778 9.10288e+07
-3.76577 9.02146e+07
-3.75376 8.94004e+07
-3.74174 8.85863e+07
-3.72973 8.77721e+07
-3.71772 8.69579e+07
-3.70571 8.61438e+07
-3.6937 8.53296e+07
-3.68168 8.45154e+07
-3.66967 8.37012e+07
-3.65766 8.28871e+07
-3.64565 8.20729e+07
-3.63364 8.12587e+07
-3.62162 8.04446e+07
-3.60961 7.96304e+07
-3.5976 7.88162e+07
-3.58559 7.80021e+07
-3.57358 7.71879e+07
-3.56156 7.63737e+07
-3.54955 7.55596e+07
-3.53754 7.47454e+07
-3.52553 7.39312e+07
-3.51351 7.31171e+07
-3.5015 7.23029e+07
-3.48949 7.14887e+07
-3.47748 7.06745e+07
-3.46547 6.98604e+07
-3.45345 6.90462e+07
-3.44144 6.8232e+07
-3.42943 6.74179e+07
-3.41742 6.66037e+07
-3.40541 6.57895e+07
-3.39339 6.49754e+07
-3.38138 6.41612e+07
-3.36937 6.3347e+07
-3.35736 6.25329e+07
-3.34535 6.17187e+07
-3.33333 6.09045e+07
-3.32132 6.00904e+07
-3.30931 5.92762e+07
-3.2973 5.8462e+07
-3.28529 5.76478e+07
-3.27327 5.68337e+07
-3.26126 5.60195e+07
-3.24925 5.52053e+07
-3.23724 5.43912e+07
-3.22523 5.3577e+07
-3.21321 5.27628e+07
-3.2012 5.19487e+07
-3.18919 5.11345e+07
-3.17718 5.03203e+07
-3.16517 4.95062e+07
-3.15315 4.8692e+07
-3.14114 4.78778e+07
-3.12913 4.70637e+07
-3.11712 4.62495e+07
-3.10511 4.54353e+07
-3.09309 4.46212e+07
-3.08108 4.3807e+07
-3.06907 4.29928e+07
-3.05706 4.21787e+07
-3.04505 4.13645e+07
-3.03303 4.05503e+07
-3.02102 3.97362e+07
-3.00901 3.8922e+07
-2.997 3.81078e+07
-2.98499 3.72937e+07
-2.97297 3.64795e+07
-2.96096 3.56653e+07
-2.94895 3.48512e+07
-2.93694 3.4037e+07
-2.92493 3.32228e+07
-2.91291 3.24086e+07
-2.9009 3.15945e+07
-2.88889 3.07803e+07
-2.87688 3.08103e+07
-2.86487 3.05895e+07
-2.85285 3.03708e+07
-2.84084 3.02846e+07
-2.82883 3.01984e+07
-2.81682 3.01123e+07
-2.80481 3.00261e+07
-2.79279 2.99399e+07
-2.78078 2.98538e+07
-2.76877 2.97676e+07
-2.75676 2.96814e+07
-2.74475 2.95953e+07
-2.73273 2.95091e+07
-2.72072 2.9423e+07
-2.70871 2.93368e+07
-2.6967 2.92506e+07
-2.68469 2.91645e+07
-2.67267 2.90783e+07
-2.66066 2.89921e+07
-2.64865 2.8906e+07
-2.63664 2.88198e+07
-2.62463 2.87336e+07
-2.61261 2.86475e+07
-2.6006 2.85613e+07
-2.58859 2.84751e+07
-2.57658 2.8389e+07
-2.56457 2.83028e+07
-2.55255 2.82167e+07
-2.54054 2.81305e+07
-2.52853 2.80443e+07
-2.51652 2.79582e+07
-2.50451 2.7872e+07
-2.49249 2.77858e+07
-2.48048 2.76997e+07
-2.46847 2.76135e+07
-2.45646 2.75273e+07
-2.44445 2.74412e+07
-2.43243 2.7355e+07
-2.42042 2.72688e+07
-2.40841 2.71827e+07
-2.3964 2.70965e+07
-2.38439 2.70104e+07
-2.37237 2.69242e+07
-2.36036 2.6838e+07
-2.34835 2.67519e+07
-2.33634 2.66657e+07
-2.32433 2.65795e+07
-2.31231 2.64934e+07
-2.3003 2.64072e+07
-2.28829 2.63211e+07
-2.27628 2.62349e+07
-2.26427 2.61487e+07
-2.25225 2.60626e+07
-2.24024 2.59764e+07
-2.22823 2.58902e+07
-2.21622 2.58041e+07
-2.20421 2.57179e+07
-2.19219 2.56317e+07
-2.18018 2.55456e+07
-2.16817 2.54594e+07
-2.15616 2.53732e+07
-2.14415 2.52871e+07
-2.13213 2.52009e+07
-2.12012 2.51148e+07
-2.10811 2.50286e+07
-2.0961 2.49424e+07
-2.08409 2.48563e+07
-2.07207 2.47701e+07
-2.06006 2.46839e+07
-2.04805 2.45978e+07
-2.03604 2.45116e+07
-2.02403 2.44254e+07
-2.01201 2.43393e+07
-2 2.42531e+07
-1.98799 2.41669e+07
-1.97598 2.40808e+07
-1.96397 2.39946e+07
-1.95195 2.39085e+07
-1.93994 2.38223e+07
-1.92793 2.37361e+07
-1.91592 2.365e+07
-1.90391 2.35638e+07
-1.89189 2.34776e+07
-1.87988 2.33915e+07
-1.86787 2.33053e+07
-1.85586 2.32191e+07
-1.84385 2.3133e+07
-1.83183 2.30468e+07
-1.81982 2.29607e+07
-1.80781 2.28745e+07
-1.7958 2.27883e+07
-1.78379 2.27022e+07
-1.77177 2.2616e+07
-1.75976 2.25298e+07
-1.74775 2.24437e+07
-1.73574 2.23575e+07
-1.72373 2.22713e+07
-1.71171 2.21852e+07
-1.6997 2.2099e+07
-1.68769 2.20128e+07
-1.67568 2.19267e+07
-1.66367 2.18405e+07
-1.65165 2.17544e+07
-1.63964 2.16682e+07
-1.62763 2.1582e+07
-1.61562 2.15776e+07
-1.60361 2.16834e+07
-1.59159 2.17892e+07
-1.57958 2.18951e+07
-1.56757 2.20009e+07
-1.55556 2.21067e+07
-1.54355 2.22126e+07
-1.53153 2.23184e+07
-1.51952 2.24242e+07
-1.50751 2.253e+07
-1.4955 2.26359e+07
-1.48349 2.27417e+07
-1.47147 2.28475e+07
-1.45946 2.29534e+07
-1.44745 2.30592e+07
-1.43544 2.3165e+07
-1.42343 2.32708e+07
-1.41141 2.33767e+07
-1.3994 2.34825e+07
-1.38739 2.35883e+07
-1.37538 2.36942e+07
-1.36337 2.38247e+07
-1.35135 2.41055e+07
-1.33934 2.43863e+07
-1.32733 2.46671e+07
-1.31532 2.49479e+07
-1.30331 2.52287e+07
-1.29129 2.55095e+07
-1.27928 2.57903e+07
-1.26727 2.60711e+07
-1.25526 2.63519e+07
-1.24325 2.66327e+07
-1.23123 2.69135e+07
-1.21922 2.71944e+07
-1.20721 2.74752e+07
-1.1952 2.7756e+07
-1.18319 2.80368e+07
-1.17117 2.83176e+07
-1.15916 2.85984e+07
-1.14715 2.88792e+07
-1.13514 2.916e+07
-1.12313 2.94408e+07
-1.11111 2.97216e+07
-1.0991 3.00024e+07
-1.08709 3.02832e+07
-1.07508 3.0564e+07
-1.06307 3.08449e+07
-1.05105 3.11257e+07
-1.03904 3.14065e+07
-1.02703 3.16873e+07
-1.01502 3.19681e+07
-1.00301 3.22489e+07
-0.990994 3.25297e+07
-0.978982 3.28105e+07
-0.96697 3.30913e+07
-0.954958 3.33721e+07
-0.942946 3.36529e+07
-0.930934 3.39337e+07
-0.918922 3.42145e+07
-0.90691 3.44953e+07
-0.894898 3.47762e+07
-0.882886 3.5057e+07
-0.870874 3.53378e+07
-0.858862 3.56186e+07
-0.84685 3.58994e+07
-0.834838 3.61802e+07
-0.822826 3.67427e+07
-0.810814 3.73719e+07
-0.798802 3.80011e+07
-0.78679 3.86303e+07
-0.774778 3.92595e+07
-0.762766 3.98887e+07
-0.750754 4.05178e+07
-0.738742 4.1147e+07
-0.72673 4.17762e+07
-0.714718 4.24054e+07
-0.702706 4.30346e+07
-0.690694 4.36638e+07
-0.678682 4.4293e+07
-0.66667 4.49222e+07
-0.654658 4.55513e+07
-0.642646 4.61805e+07
-0.630634 4.68097e+07
-0.618622 4.74389e+07
-0.60661 4.80681e+07
-0.594598 4.86973e+07
-0.582586 4.93265e+07
-0.570574 4.99557e+07
-0.558562 5.05848e+07
-0.54655 5.1214e+07
-0.534538 5.18432e+07
-0.522526 5.24724e+07
-0.510514 5.31016e+07
-0.498502 5.37308e+07
-0.48649 5.436e+07
-0.474478 5.49891e+07
-0.462466 5.56183e+07
-0.450454 5.62475e+07
-0.438442 5.68767e+07
-0.42643 5.75059e+07
-0.414418 5.81351e+07
-0.402406 5.87643e+07
-0.390394 5.93934e+07
-0.378382 6.00226e+07
-0.36637 6.06518e+07
-0.354358 6.09734e+07
-0.342346 6.10193e+07
-0.330334 6.10653e+07
-0.318322 6.11112e+07
-0.30631 6.11572e+07
-0.294298 6.12031e+07
-0.282286 6.12491e+07
-0.270274 6.1295e+07
-0.258262 6.1341e+07
-0.24625 6.13869e+07
-0.234238 6.14329e+07
-0.222226 6.14788e+07
-0.210214 6.15248e+07
-0.198202 6.15707e+07
-0.18619 6.16167e+07
-0.174178 6.16626e+07
-0.162166 6.17086e+07
-0.150154 6.17545e+07
-0.138142 6.18005e+07
-0.12613 6.18464e+07
-0.114118 6.18924e+07
-0.102106 6.19383e+07
-0.0900936 6.19843e+07
-0.0780816 6.20302e+07
-0.0660696 6.20762e+07
-0.0540576 6.21221e+07
-0.0420455 6.21681e+07
-0.0300335 6.22141e+07
-0.0180215 6.226e+07
-0.0060095 6.2306e+07
0.00600251 6.23519e+07
0.0180145 6.23979e+07
0.0300265 6.24438e+07
0.0420385 6.24898e+07
0.0540506 6.25357e+07
0.0660626 6.25817e+07
0.0780746 6.26276e+07
0.0900866 6.26736e+07
0.102099 6.27195e+07
0.114111 6.27655e+07
0.126123 6.28114e+07
0.138135 6.28574e+07
0.150147 6.29033e+07
0.162159 6.29493e+07
0.174171 6.29952e+07
0.186183 6.30412e+07
0.198195 6.30871e+07
0.210207 6.31331e+07
0.222219 6.3179e+07
0.234231 6.3225e+07
0.246243 6.32709e+07
0.258255 6.33169e+07
0.270267 6.33628e+07
0.282279 6.34088e+07
0.294291 6.34547e+07
0.306303 6.35007e+07
0.318315 6.35466e+07
0.330327 6.35926e+07
0.342339 6.36385e+07
0.354351 6.36845e+07
0.366363 6.34003e+07
0.378375 6.28017e+07
0.390387 6.22031e+07
0.402399 6.16045e+07
0.414411 6.1006e+07
0.426423 6.04074e+07
0.438435 5.98088e+07
0.450447 5.92102e+07
0.462459 5.86116e+07
0.474471 5.8013e+07
0.486483 5.74145e+07
0.498495 5.68159e+07
0.510507 5.62173e+07
0.522519 5.56187e+07
0.534531 5.50201e+07
0.546543 5.44215e+07
0.558555 5.38229e+07
0.570567 5.32244e+07
0.582579 5.26258e+07
0.594591 5.20272e+07
0.606603 5.14286e+07
0.618615 5.083e+07
0.630627 5.02314e+07
0.642639 4.96329e+07
0.654651 4.90343e+07
0.666663 4.84357e+07
0.678675 4.78371e+07
0.690687 4.72385e+07
0.702699 4.66399e+07
0.714711 4.60414e+07
0.726723 4.54428e+07
0.738735 4.48442e+07
0.750747 4.42456e+07
0.762759 4.3647e+07
0.774771 4.30484e+07
0.786783 4.24499e+07
0.798795 4.18513e+07
0.810807 4.12527e+07
0.822819 4.06541e+07
0.834831 4.01587e+07
0.846843 3.97431e+07
0.858855 3.93275e+07
0.870867 3.89119e+07
0.882879 3.84963e+07
0.894891 3.80807e+07
0.906903 3.76651e+07
0.918915 3.72495e+07
0.930927 3.68338e+07
0.942939 3.64182e+07
0.954951 3.60026e+07
0.966963 3.5587e+07
0.978975 3.51714e+07
0.990987 3.47558e+07
1.003 3.43402e+07
1.01501 3.39246e+07
1.02702 3.3509e+07
1.03904 3.30934e+07
1.05105 3.26778e+07
1.06306 3.22621e+07
1.07507 3.18465e+07
1.08708 3.14309e+07
1.0991 3.10153e+07
1.11111 3.05997e+07
1.12312 3.01841e+07
1.13513 2.97685e+07
1.14714 2.93529e+07
1.15916 2.89373e+07
1.17117 2.85217e+07
1.18318 2.81061e+07
1.19519 2.76904e+07
1.2072 2.72748e+07
1.21922 2.68592e+07
1.23123 2.64436e+07
1.24324 2.6028e+07
1.25525 2.56124e+07
1.26726 2.51968e+07
1.27928 2.47812e+07
1.29129 2.43656e+07
1.3033 2.395e+07
1.31531 2.35344e+07
1.32732 2.31188e+07
1.33934 2.27031e+07
1.35135 2.22875e+07
1.36336 2.21506e+07
1.37537 2.25522e+07
1.38738 2.29538e+07
1.3994 2.33554e+07
1.41141 2.3757e+07
1.42342 2.41586e+07
1.43543 2.45602e+07
1.44744 2.49619e+07
1.45946 2.53635e+07
1.47147 2.57651e+07
1.48348 2.61667e+07
1.49549 2.65683e+07
1.5075 2.69699e+07
1.51952 2.73715e+07
1.53153 2.77731e+07
1.54354 2.81747e+07
1.55555 2.85763e+07
1.56756 2.89779e+07
1.57958 2.93795e+07
1.59159 2.97811e+07
1.6036 3.01827e+07
1.61561 3.05843e+07
1.62762 3.0434e+07
1.63964 3.01656e+07
1.65165 2.98972e+07
1.66366 2.96288e+07
1.67567 2.93603e+07
1.68768 2.90919e+07
1.6997 2.88235e+07
1.71171 2.85551e+07
1.72372 2.82866e+07
1.73573 2.80182e+07
1.74774 2.77498e+07
1.75976 2.74814e+07
1.77177 2.72129e+07
1.78378 2.69445e+07
1.79579 2.66761e+07
1.8078 2.64077e+07
1.81982 2.61392e+07
1.83183 2.58708e+07
1.84384 2.56024e+07
1.85585 2.5334e+07
1.86786 2.50656e+07
1.87988 2.47971e+07
1.89189 2.45287e+07
1.9039 2.42603e+07
1.91591 2.39919e+07
1.92792 2.37234e+07
1.93994 2.3455e+07
1.95195 2.31866e+07
1.96396 2.29182e+07
1.97597 2.26497e+07
1.98798 2.23813e+07
2 2.21129e+07
2.01201 2.18445e+07
2.02402 2.15761e+07
2.03603 2.13076e+07
2.04804 2.10392e+07
2.06006 2.07708e+07
2.07207 2.05024e+07
2.08408 2.02339e+07
2.09609 1.99655e+07
2.1081 1.96971e+07
2.12012 1.94287e+07
2.13213 1.91602e+07
2.14414 1.88918e+07
2.15615 1.86234e+07
2.16816 1.8355e+07
2.18018 1.80865e+07
2.19219 1.78181e+07
2.2042 1.75497e+07
2.21621 1.72813e+07
2.22822 1.70128e+07
2.24024 1.67444e+07
2.25225 1.6476e+07
2.26426 1.62076e+07
2.27627 1.59391e+07
2.28828 1.56707e+07
2.3003 1.54023e+07
2.31231 1.51339e+07
2.32432 1.48654e+07
2.33633 1.4597e+07
2.34834 1.43286e+07
2.36036 1.40602e+07
2.37237 1.37918e+07
2.38438 1.35233e+07
2.39639 1.32549e+07
2.4084 1.29865e+07
2.42042 1.27181e+07
2.43243 1.24496e+07
2.44444 1.21812e+07
2.45645 1.19128e+07
2.46846 1.16444e+07
2.48048 1.13759e+07
2.49249 1.11075e+07
2.5045 1.08391e+07
2.51651 1.05707e+07
2.52852 1.03022e+07
2.54054 1.00338e+07
2.55255 9.7654e+06
2.56456 9.49696e+06
2.57657 9.22854e+06
2.58858 8.96012e+06
2.6006 8.69169e+06
2.61261 8.42326e+06
2.62462 8.15484e+06
2.63663 7.88642e+06
2.64864 7.618e+06
2.66066 7.34957e+06
2.67267 7.08115e+06
2.68468 6.81273e+06
2.69669 6.54431e+06
2.7087 6.27588e+06
2.72072 6.00745e+06
2.73273 5.73903e+06
2.74474 5.47061e+06
2.75675 5.20218e+06
2.76876 4.93375e+06
2.78078 4.66533e+06
2.79279 4.39691e+06
2.8048 4.12849e+06
2.81681 3.86006e+06
2.82882 3.59164e+06
2.84084 2.86974e+06
2.85285 2.61869e+06
2.86486 3.87793e+06
2.87687 5.13717e+06
2.88888 6.39641e+06
2.9009 7.65565e+06
2.91291 8.91489e+06
2.92492 1.01741e+07
2.93693 1.14334e+07
2.94894 1.26926e+07
2.96096 1.39518e+07
2.97297 1.52111e+07
2.98498 1.64703e+07
2.99699 1.77296e+07
3.009 1.89888e+07
3.02102 2.0248e+07
3.03303 2.15073e+07
3.04504 2.27665e+07
3.05705 2.40258e+07
3.06906 2.5285e+07
3.08108 2.65442e+07
3.09309 2.78035e+07
3.1051 2.90627e+07
3.11711 3.0322e+07
3.12912 3.15812e+07
3.14114 3.28404e+07
3.15315 3.40997e+07
3.16516 3.53589e+07
3.17717 3.66182e+07
3.18918 3.78774e+07
3.2012 3.91366e+07
3.21321 4.03959e+07
3.22522 4.16551e+07
3.23723 4.29144e+07
3.24924 4.41736e+07
3.26126 4.54328e+07
3.27327 4.66921e+07
3.28528 4.79513e+07
3.29729 4.92106e+07
3.3093 5.04698e+07
3.32132 5.1729e+07
3.33333 5.29883e+07
3.34534 5.42475e+07
3.35735 5.55068e+07
3.36936 5.6766e+07
3.38138 5.80252e+07
3.39339 5.92845e+07
3.4054 6.05437e+07
3.41741 6.18029e+07
3.42942 6.30622e+07
3.44144 6.43214e+07
3.45345 6.55806e+07
3.46546 6.68399e+07
3.47747 6.80991e+07
3.48948 6.93584e+07
3.5015 7.06176e+07
3.51351 7.18768e+07
3.52552 7.31361e+07
3.53753 7.43953e+07
3.54954 7.56546e+07
3.56156 7.69138e+07
3.57357 7.8173e+07
3.58558 7.94323e+07
3.59759 8.06915e+07
3.6096 8.19508e+07
3.62162 8.321e+07
3.63363 8.44692e+07
3.64564 8.57285e+07
3.65765 8.69877e+07
3.66966 8.8247e+07
3.68168 8.95062e+07
3.69369 9.07654e+07
3.7057 9.20247e+07
3.71771 9.32839e+07
3.72972 9.45432e+07
3.74174 9.58024e+07
3.75375 9.70616e+07
3.76576 9.83209e+07
3.77777 9.95801e+07
3.78978 1.00839e+08
3.8018 1.02099e+08
3.81381 1.03358e+08
3.82582 1.04617e+08
3.83783 1.05876e+08
3.84984 1.07136e+08
3.86186 1.08395e+08
3.87387 1.09654e+08
3.88588 1.10913e+08
3.89789 1.12173e+08
3.9099 1.13432e+08
3.92192 1.14691e+08
3.93393 1.1595e+08
3.94594 1.17209e+08
3.95795 1.18469e+08
3.96996 1.19728e+08
3.98198 1.20987e+08
3.99399 1.22246e+08
4.006 1.23506e+08
4.01801 1.24765e+08
4.03002 1.26024e+08
4.04204 1.27283e+08
4.05405 1.28543e+08
4.06606 1.29802e+08
4.07807 1.31061e+08
4.09008 1.3232e+08
4.1021 1.3358e+08
4.11411 1.34839e+08
4.12612 1.36098e+08
4.13813 1.37357e+08
4.15014 1.38617e+08
4.16216 1.39876e+08
4.17417 1.41135e+08
4.18618 1.42394e+08
4.19819 1.43654e+08
4.2102 1.44913e+08
4.22222 1.46172e+08
4.23423 1.47431e+08
4.24624 1.48691e+08
4.25825 1.4995e+08
4.27026 1.51209e+08
4.28228 1.52468e+08
4.29429 1.53727e+08
4.3063 1.54987e+08
4.31831 1.56246e+08
4.33032 1.5721e+08
4.34234 1.575e+08
4.35435 1.57791e+08
4.36636 1.58082e+08
4.37837 1.58373e+08
4.39038 1.58664e+08
4.4024 1.58955e+08
4.41441 1.59246e+08
4.42642 1.59537e+08
4.43843 1.59828e+08
4.45044 1.60119e+08
4.46246 1.60006e+08
4.47447 1.59215e+08
4.48648 1.58424e+08
4.49849 1.57633e+08
4.5105 1.56842e+08
4.52252 1.56051e+08
4.53453 1.55259e+08
4.54654 1.54468e+08
4.55855 1.53677e+08
4.57056 1.52886e+08
4.58258 1.52095e+08
4.59459 1.51304e+08
4.6066 1.50513e+08
4.61861 1.49722e+08
4.63062 1.48931e+08
4.64264 1.4814e+08
4.65465 1.47349e+08
4.66666 1.46558e+08
4.67867 1.45767e+08
4.69068 1.44976e+08
4.7027 1.44185e+08
4.71471 1.43394e+08
4.72672 1.42603e+08
4.73873 1.41812e+08
4.75074 1.41021e+08
4.76276 1.4023e+08
4.77477 1.39439e+08
4.78678 1.38648e+08
4.79879 1.37857e+08
4.8108 1.37066e+08
4.82282 1.36275e+08
4.83483 1.35484e+08
4.84684 1.34693e+08
4.85885 1.33902e+08
4.87086 1.33111e+08
4.88288 1.3232e+08
4.89489 1.31528e+08
4.9069 1.30737e+08
4.91891 1.29946e+08
4.93092 1.29155e+08
4.94294 1.28364e+08
4.95495 1.27573e+08
4.96696 1.26782e+08
4.97897 1.25991e+08
4.99098 1.252e+08
5.003 1.24409e+08
5.01501 1.23618e+08
5.02702 1.22827e+08
5.03903 1.22036e+08
5.05104 1.21245e+08
5.06306 1.20454e+08
5.07507 1.19663e+08
5.08708 1.18872e+08
5.09909 1.18081e+08
5.1111 1.1729e+08
5.12312 1.16499e+08
5.13513 1.15708e+08
5.14714 1.14917e+08
5.15915 1.14126e+08
5.17116 1.13335e+08
5.18318 1.12544e+08
5.19519 1.11753e+08
5.2072 1.10962e+08
5.21921 1.10171e+08
5.23123 1.0938e+08
5.24324 1.08588e+08
5.25525 1.07797e+08
5.26726 1.07006e+08
5.27927 1.06215e+08
5.29129 1.05424e+08
5.3033 1.04633e+08
5.31531 1.03842e+08
5.32732 1.03051e+08
5.33933 1.0226e+08
5.35135 1.01469e+08
5.36336 1.00678e+08
5.37537 9.98872e+07
5.38738 9.90961e+07
5.39939 9.83051e+07
5.41141 9.7514e+07
5.42342 9.6723e+07
5.43543 9.5932e+07
5.44744 9.51409e+07
5.45945 9.43499e+07
5.47147 9.35588e+07
5.48348 9.27679e+07
5.49549 9.19768e+07
5.5075 9.11858e+07
5.51951 9.03947e+07
5.53153 8.96037e+07
5.54354 8.88127e+07
5.55555 8.80216e+07
5.56756 8.72306e+07
5.57957 8.64396e+07
5.59159 8.56485e+07
5.6036 8.48575e+07
5.61561 8.40664e+07
5.62762 8.32754e+07
5.63963 8.24844e+07
5.65165 8.16933e+07
5.66366 8.09024e+07
5.67567 8.01113e+07
5.68768 7.93203e+07
5.69969 7.85292e+07
5.71171 7.77382e+07
5.72372 7.69471e+07
5.73573 7.61561e+07
5.74774 7.53651e+07
5.75975 7.45741e+07
5.77177 7.3783e+07
5.78378 7.2992e+07
5.79579 7.2201e+07
5.8078 7.14099e+07
5.81981 7.06189e+07
5.83183 6.98279e+07
5.84384 6.90368e+07
5.85585 6.82458e+07
5.86786 6.74548e+07
5.87987 6.66637e+07
5.89189 6.58727e+07
5.9039 6.50816e+07
5.91591 6.42906e+07
5.92792 6.34996e+07
5.93993 6.27086e+07
5.95195 6.19175e+07
5.96396 6.11265e+07
5.97597 6.03355e+07
5.98798 5.95444e+07
5.99999 5.87534e+07
