-2.9697 -324.866
-2.90909 -799.552
-2.84849 -461.156
-2.78788 -1117.85
-2.72727 -616.108
-2.66667 -1420.03
-2.60606 -723.151
-2.54546 -723.151
-2.48485 -1448.17
-2.42424 -1448.17
-2.36364 -656.275
-2.30303 -1609.07
-2.24243 -1609.07
-2.18182 -1609.07
-2.12121 -536.537
-2.06061 -536.537
-2 -350.567
-1.9394 -350.567
-1.87879 -350.567
-1.81818 -350.567
-1.75758 -1585.15
-1.69697 -1585.15
-1.63637 -1585.15
-1.57576 -1585.15
-1.51515 -1585.15
-1.45455 6.04521
-1.39394 -922.304
-1.33334 -922.304
-1.27273 59.8878
-1.21212 59.8878
-1.15152 59.8878
-1.09091 59.8878
-1.03031 59.8878
-0.9697 -357.65
-0.909094 -357.65
-0.848488 -357.65
-0.787882 -290.446
-0.727276 -290.446
-0.666669 -290.446
-0.606063 -290.446
-0.545457 -261.202
-0.484851 -261.202
-0.424245 -261.202
-0.363639 -556.473
-0.303033 -556.473
-0.242427 -556.473
-0.181821 -293.527
-0.121215 -293.527
-0.0606089 -293.527
-2.80142e-06 -293.527
0.0606033 -903.45
0.121209 -903.45
0.181815 -903.45
0.242421 -757.635
0.303028 -757.635
0.363634 -757.635
0.42424 -536.867
0.484846 -536.867
0.545452 -536.867
0.606058 -536.867
0.666664 -537.26
0.72727 -537.26
0.787876 -537.26
0.848482 -1557.47
0.909088 -1557.47
0.969694 -1557.47
1.0303 -1557.47
1.09091 -1476.32
1.15151 -1476.32
1.21212 -1992.42
1.27272 -1992.42
1.33333 -1992.42
1.39394 -1992.42
1.45454 -1992.42
1.51515 -2249.26
1.57575 -2022.58
1.63636 -2022.58
1.69697 -2022.58
1.75757 -2022.58
1.81818 -2928.21
1.87878 -2928.21
1.93939 -4406.06
2 -4406.06
