486
-0.429991 1.28822 -0.741931
-0.250324 0.492748 -0.292824
0.345861 0.478251 -1.11462
0.43524 1.26175 -0.959243
1.24298 1.56685 7.10543e-15
1.08601 0.758629 -0.811976
0.454986 1.07622 0.000431493
-0.161705 1.20103 -1.60497
0.960992 0.939217 -1.64352
-0.448032 1.94917 -1.05263
0.441054 1.95076 -1.57895
0.975744 -0.517091 1.76218
0.162703 0.290261 1.1585
1.16303 0.160512 1.46119
0.582325 -0.377505 0.763665
0.169027 -1.06424 -0.0722714
-0.848558 -0.504729 0.823782
-0.171386 0.141254 0.365728
-0.305907 -0.199751 1.60291
1.24298 -1.56685 1.05263
-0.0717429 -1.2215 0.847546
-1.24858 1.56239 1.57895
-0.448032 1.94917 1.05263
-0.448032 1.94917 2.10526
-0.646272 1.15116 1.25902
0.0569476 -1.071 -6.0372
0.368664 0.0767649 -5.87933
0.184745 -0.317534 -6.94754
-0.460317 -0.339156 -5.70356
-0.507034 1.03313 -5.30587
-0.0612324 -0.0797923 -5.06525
-1.08199 0.572551 -4.97519
-1.28703 -0.3975 -4.61543
-1.26348 -0.436624 -5.72158
-1.19434 -0.259672 -6.71009
-0.937866 -0.814502 -6.47871
-0.716461 0.587722 -7.14757
0.456262 0.913898 -7.30488
-0.457519 0.38412 -8.06909
-0.546125 1.13016 -7.75376
-1.23521 1.57297 -7.99003
-1.1701 0.566638 -7.95275
-0.739206 0.806486 -8.70604
-1.24858 1.56239 -6.84211
-0.462816 1.23144 -6.84138
-1.80093 0.869867 -7.37776
0.845106 0.226405 10
0.136642 0.563455 8.96694
0.569918 1.19581 9.02806
1.19586 0.301821 8.69236
0.0580242 0.014754 8.10804
1.30503 -0.161968 8.09517
0.0707837 -0.654741 8.82666
1.72433 1.01325 8.17775
2 -6.37316e-08 8.20685
1.93185 -0.517638 9.10342
1.93185 0.517638 9.10342
1.41421 1.41421 9.10342
0.75084 0.865949 7.99957
-0.00638987 0.000291869 -2.89562
-0.233117 -0.260965 -4.17072
-0.729102 0.475715 -3.27269
0.12271 0.348186 -3.66378
0.458918 1.10674 -3.23996
-0.433531 1.26373 -3.66411
1.34844 0.216896 -3.79998
0.946101 -0.426554 -3.94525
0.451313 0.968192 -4.2474
0.895145 0.436447 -2.76357
0.96209 -0.633021 -5.75557
0.78048 -1.15358 -6.53278
0.489645 -1.00012 -7.29093
1.31812 -0.665595 -6.86436
-0.219715 -0.143683 -7.48457
-0.778737 -1.03572 -7.39893
-0.191548 0.21801 -6.64361
1.24298 1.56685 -1.05263
-2 -2.44929e-16 8.94737
-1.3215 0.604307 9.44433
-1.31628 -0.542281 9.21984
-1.05184 -0.176337 8.46705
-0.977084 0.810416 -0.843505
-0.240975 0.096788 -0.759554
-0.0549556 -0.0511889 -1.70239
1.00063 -0.0551488 -1.2588
0.300398 -0.637499 -1.19925
1.09382 -0.127072 -2.04956
0.442343 0.904767 -2.19693
0.470842 -0.0894083 -0.216407
-2 2.44929e-16 10
-0.802137 0.412979 10
-0.946391 0.223919 0.767524
0.634084 1.11585 1.41247
0.336406 0.267757 1.97392
-0.292294 0.664904 1.63549
1.13606 0.397563 0.669228
1.27944 -0.421238 -0.0151085
-2 -2.44929e-16 -4.73684
-1.80238 -0.866846 -4.21053
-1.80238 -0.866846 -5.26316
-1.80238 -0.866846 2.10526
-0.860003 -0.999102 2.03473
-1.80238 -0.866846 1.05263
-1.24962 -0.262021 1.55813
1.24228 0.406217 -5.78608
1.01599 0.0311708 -6.42391
0.772946 0.900505 -6.42546
-2 -2.44929e-16 2.63158
-1.18648 -0.641282 2.6316
-1.80238 0.866846 3.15789
-1.24858 1.56239 2.63158
-1.24858 1.56239 3.68421
-0.950508 0.826531 3.10234
-0.912842 0.526076 1.99741
-0.341855 -0.271666 2.36828
-2 -2.44929e-16 1.57895
0.807715 -0.702791 5.76118
0.536098 0.121333 5.58089
-0.00835325 -0.00904041 4.8099
-0.321517 -0.253869 5.74688
-0.40958 0.902656 6.29484
-0.504951 1.05502 5.60566
0.302367 -0.484012 6.4516
-0.969536 0.041769 6.69772
-0.460003 -1.00107 6.37473
1.9424 0.476539 5.50154
0.832765 0.870924 5.9959
0.795457 0.814231 4.92534
1.33535 0.0962065 5.91225
-1.80238 0.866846 -2.10526
-0.597692 0.783278 -2.52826
-0.835931 0.719728 -1.77124
-1.32257 0.288561 -2.85965
1.73205 -1 6.4137
2 6.01473e-08 6.4137
1.15002 -0.16708 6.6334
1.2485 0.651511 6.77776
1.39485 -0.0700348 5.08945
-1.80238 -0.866846 -1.05263
-1.2929 -0.161676 -1.52387
-1.24382 -0.24936 -0.651442
-0.896927 -0.833492 -0.930846
1.93159 -0.518602 5.53109
-0.45591 -1.18408 -9.3851
-0.391216 0.0597211 -9.22915
-1.09273 -0.431207 -9.20627
-0.229382 -0.471571 -8.76627
-0.789599 -0.897993 -8.39309
0.845106 -0.226405 -10
0.209499 -1.01939 -10
0.63808 -1.02237 -9.31654
0.0323383 -1.00031 -8.20257
-0.489238 -0.347748 -0.119185
0.815388 0.280413 -9.02495
0.389441 0.122528 -8.19285
0.754651 -0.774032 -8.18248
-1.34094 0.192647 -0.0386888
-0.986945 0.915325 0.169604
-2 -2.44929e-16 0.526316
-1.80238 0.866846 0
-1.80238 0.866846 1.05263
-1.80093 -0.869867 -7.37776
-1.23521 -1.57297 -7.99003
-0.603987 -0.672367 10
-1.73205 -1 10
-1.24858 -1.56239 -6.84211
-1.24858 1.56239 -2.63158
-1.24858 1.56239 -3.68421
-1.80238 0.866846 -3.15789
-2 -2.44929e-16 -3.68421
-0.951587 -0.57006 -2.99207
-0.914259 0.442771 -4.09459
-0.22622 0.974664 3.02612
-0.336382 0.000653698 3.09222
-0.000479795 0.00358357 3.95157
-0.67776 0.786548 3.9648
0.458679 -1.94669 -7.23688
1.35183 -1.47396 -7.07294
1.2082 -1.59382 -5.57327
-0.405858 -1.95839 -6.39101
-0.413009 -1.20727 -6.79634
1.79927 0.873291 1.57895
1.99999 -0.00715718 1.05263
-2 -2.44929e-16 -1.57895
-1.80238 -0.866846 -2.10526
-1.24858 -1.56239 -0.526316
-1.24858 -1.56239 -1.57895
1.99999 -0.00715718 2.10526
1.33312 -0.100066 2.63879
1.03571 0.774922 2.32974
-1.01466 -0.000835008 3.56999
-1 -1.73205 10
-1.4091 -1.4193 9.09296
-0.0881276 -1.3261 9.26955
0.895265 -0.513105 -4.97292
1.14078 0.390381 -4.72756
-0.448032 -1.94917 -1.05263
0.441054 -1.95076 -1.57895
-0.448032 -1.94917 -2.10526
-0.500119 -1.2177 -1.31135
-0.423513 1.07858 -4.43922
1.24298 1.56685 -3.15789
1.80811 0.854829 -3.7396
1.79927 0.873291 -2.63158
0.366561 -1.14244 -4.16784
-0.464078 -1.24986 -3.63476
-1.10868 -0.144996 -7.72359
-1.30641 -0.104559 -8.47305
-2 -2.44929e-16 -7.89474
0.709122 -1.01373 6.50399
0.104862 -1.39546 5.68352
-1.24858 -1.56239 5.78947
-0.296826 -1.09033 5.13798
-0.404234 -1.95872 6.39296
0.569637 -1.91716 6.15893
1.29638 -1.52296 5.6265
0.551812 -1.07124 4.63976
-0.391302 -1.96135 5.32378
0.494436 -1.93792 4.87432
1.92606 -0.538798 -7.28566
2 -6.01473e-08 -6.4137
1.92639 0.537591 -7.28562
1.01544 -0.441775 -7.50938
0.0558533 -0.155624 9.2769
-0.398243 -1.95995 -5.31942
0.234873 -1.281 -5.40083
0.429619 1.13025 -5.52451
-0.441672 -1.16352 -4.80954
-0.448032 -1.94917 3.15789
-0.441996 -1.95055 4.21895
0.443274 -1.95026 3.69395
-0.228879 -1.2072 3.98284
-0.448032 1.94917 -2.10526
-0.148031 1.34746 -2.62868
0.554806 1.92151 6.14737
0.431751 1.03904 5.50754
0.125223 -1.29262 1.8146
0.441054 1.95076 -0.526316
1.79927 0.873291 -1.57895
1.29708 0.346847 -0.222206
1.79927 0.873291 -0.526316
-0.855846 -0.648843 -2.10521
-2 -2.44929e-16 -2.63158
-0.684632 0.991063 8.78221
-0.0015546 1.27299 7.92696
0.804766 -1.07976 -0.415313
1.12056 -0.781189 -1.11816
0.411165 -1.30794 -1.12976
1.79927 -0.873291 -1.57895
1.99999 0.00715718 -1.05263
1.79927 -0.873291 -0.526316
-1.24858 1.56239 -5.78947
-0.398243 1.95995 -5.31942
0.055027 1.09579 -6.26488
0.555464 1.92132 -6.14753
-1.0325 0.759137 -6.3029
1.35129 1.47445 7.07341
0.492558 1.0293 7.22831
0.0781259 1.38693 6.72359
-0.146965 -1.27016 -2.62626
-0.510528 1.93374 7.31692
-0.686819 0.964427 7.45826
-1.2478 1.56301 6.87425
-0.416171 1.95622 6.34955
1.20817 -0.538715 -3.19597
0.694207 -0.912422 -2.20515
0.458758 1.94667 -7.23697
0.170019 1.13028 -8.14046
1.41421 -1.41421 9.10342
1.72523 -1.01173 8.18246
0.940966 -0.679927 8.9392
0.551071 1.06743 3.90162
-0.448032 1.94917 4.21053
-0.257896 1.32391 3.69164
-0.362329 1.05706 4.76937
-1.24448 0.502917 4.6591
-0.975107 -0.197394 4.36785
-1.80238 0.866846 4.21053
-1.80238 -0.866846 0
-1.24858 -1.56239 0.526316
1.24298 1.56685 -2.10526
0.441054 -1.95076 0.526316
0.441054 -1.95076 1.57895
-0.270754 1.07016 2.25365
-0.193852 1.28094 0.483943
-1.24858 1.56239 0.526316
0.441054 -1.95076 2.63158
0.219038 -0.975244 2.76367
0.875901 -1.02396 2.63865
1.24298 -1.56685 3.15789
1.03407 -0.0804136 3.31315
0.330305 0.000557189 2.69768
1.24298 -1.56685 2.10526
1.79927 -0.873291 2.63158
-1.24858 -1.56239 2.63158
-1.24858 -1.56239 1.57895
-1.80238 -0.866846 3.15789
-1.11778 -0.761369 3.75787
-1.24858 -1.56239 3.68421
-1.24858 -1.56239 4.73684
-0.311731 -1.22225 3.15921
-2 -2.44929e-16 3.68421
0.5838 1.12965 2.64257
0.892036 0.242484 7.46474
0.20314 0.351909 6.37539
1.92508 0.542264 7.2851
1.72144 1.01815 6.23599
-0.402972 -1.26429 -0.537241
1.00091 1.73152 8.17594
0.459287 1.94655 7.23659
1.24298 -1.56685 -1.05263
-1.80238 0.866846 -1.05263
-1.24858 1.56239 -1.57895
-1.80238 0.866846 6.31579
-1.24858 1.56239 5.78947
1.08174 -0.631163 4.4204
-0.448032 1.94917 -4.21053
1.73205 1 10
-1.24858 1.56239 -4.73684
0.0338562 1.3362 -9.32752
-0.603987 0.672367 -10
-1.15358 0.326333 -9.18953
0.967786 0.897999 -8.37039
1.30146 -0.13313 -8.43356
5.05344e-08 -2 10
0.673905 -0.777766 10
2 0 -10
1.93185 -0.517638 -9.10342
1.93185 0.517638 -9.10342
1.73205 1 -10
1.58822e-07 2 8.20685
-1.00975 -0.351242 5.18236
0.164507 0.103178 7.34454
1.93185 -0.517638 7.31027
-1.80238 -0.866846 4.21053
-2 -2.44929e-16 4.73684
-1.80238 -0.866846 5.26316
-1.24858 -1.56239 -5.78947
-1.27026 0.434363 5.78067
1.05118 -0.657062 7.35329
0.0513058 -1.13471 7.12417
-0.852869 -0.801998 7.34268
0.826904 -0.891419 8.13059
0.266312 -1.2283 8.30025
0.844153 -0.639706 3.71866
1.21396 0.512565 4.29281
-1.24858 1.56239 4.73684
2 -0.00296458 -3.22097
2 -0.00021488 -4.48325
1.80747 -0.856188 -3.74039
1.70738 1.04156 -4.86423
1.103 0.676367 3.12598
0.673905 0.777766 -10
1.41421 -1.41421 -9.10342
1.73205 -1 -10
1 -1.73205 -10
-0.558552 -1.92042 -8.91505
0.517638 -1.93185 -9.10342
-1.4091 1.4193 -9.09296
1.00337 -1.7301 -8.17575
-0.655931 -1.11342 8.59657
-0.509964 -1.93389 7.47988
0.0323782 -1.99974 8.20269
-1.23524 -1.57296 7.99001
-1.80622 -0.858817 8.53889
-1.80238 0.866846 5.26316
0.441054 1.95076 1.57895
0.809025 -1.07674 0.526313
-0.558555 1.92042 -8.91506
0.032439 1.99974 -8.2028
-1.80622 0.858812 -8.5385
-1.80622 -0.858812 -8.5385
-2 -2.44929e-16 -8.94737
-1.73205 1 -10
2 0 10
1.74623 -0.975021 4.80204
0.209499 1.01939 10
-1.09335 1.67469 8.11034
-0.517638 1.93185 9.10342
-1 1.73205 10
-1.39708 1.43114 9.11914
-1.27022 0.0968953 7.56415
-0.558534 -1.92043 8.91508
-0.448032 -1.94917 2.10526
1.70554 1.04457 4.86515
1.99993 0.0172161 4.48458
-1.79229 0.887515 8.54045
-2 -2.44929e-16 7.89474
-1.80092 -0.869884 7.37689
-0.448032 -1.94917 1.05263
1.79927 0.873291 0.526316
-0.448032 -1.94917 -4.21053
0.462991 -1.94567 -4.8476
1.79927 0.873291 2.63158
1.8074 0.856337 3.73855
2 -0.00311653 3.22129
1.24298 1.56685 3.15789
1.99999 0.00715718 4.26326e-14
1.23727 -1.57136 4.28924
-2 -2.44929e-16 6.84211
-1.77738 0.917013 7.4219
0.46195 -1.94592 7.23869
1.80767 -0.855766 3.73023
1.24298 -1.56685 -2.10526
-0.510515 -1.93375 -7.47959
-1.80238 -0.866846 -6.31579
-0.448032 -1.94917 3.55271e-15
0.441054 -1.95076 -0.526316
1.99999 0.00715718 -2.10526
1.79927 -0.873291 -2.63158
1.24298 1.56685 2.10526
1.79927 -0.873291 0.526316
1.73205 -1 10
-1.73205 1 10
1.2079 1.59404 5.57351
-0.398288 1.95994 5.3161
0.463276 1.9456 4.84738
1.24298 -1.56685 -3.15789
-0.448032 1.94917 -3.15789
0.441054 1.95076 -3.68421
1.24298 -1.56685 1.77636e-14
1.21401 1.5894 4.25979
1.70737 -1.04159 -4.8647
-2 -2.44929e-16 5.78947
1.41421 1.41421 -9.10342
0.441054 -1.95076 -3.68421
1.21401 -1.5894 -4.26016
0.517638 1.93185 -9.10342
1.00485 1.72924 -8.17572
1.35196 1.47384 -7.0729
-2 -2.44929e-16 -0.526316
0.517638 -1.93185 9.10342
1.00151 -1.73118 8.1856
1.35393 -1.47203 7.10982
0.441054 1.95076 0.526316
1.79927 -0.873291 1.57895
-1.24858 -1.56239 6.84211
-1.10707 -0.720681 6.06565
-1.24858 -1.56239 -2.63158
0.441054 -1.95076 -2.63158
1.24298 1.56685 1.05263
-1.01714 -0.850738 -4.08259
-1.80238 -0.866846 -3.15789
-0.448032 1.94917 3.15789
-1.80238 0.866846 2.10526
-0.448032 -1.94917 -3.15789
-0.448032 1.94917 0
-1.24858 1.56239 -0.526316
5.05344e-08 2 -10
-1 1.73205 -10
1 1.73205 -10
1.72465 1.01272 -8.17771
1 1.73205 10
1.21423 1.58923 -4.25999
-0.405849 1.95839 -6.39102
0.46302 1.94566 -4.84758
-2 -2.44929e-16 -5.78947
-1.80238 0.866846 -5.26316
1.72453 -1.01292 -8.17774
-1 -1.73205 -10
1.08287e-07 -2 -10
-0.802137 -0.412979 -10
-2 -2.44929e-16 -10
-1.4091 -1.4193 -9.09296
-1.73205 -1 -10
1.20825 1.59378 -5.57322
1.94312 -0.473573 -5.49779
1.72205 1.01713 -6.23508
-1.24858 -1.56239 -3.68421
0.55545 -1.92132 -6.14753
1.72206 -1.0171 -6.23494
-1.80238 -0.866846 6.31579
0.441054 1.95076 2.63158
0.441054 1.95076 3.68421
-2 -2.44929e-16 -6.84211
0.441054 1.95076 -2.63158
-1.80238 0.866846 -4.21053
-1.80238 0.866846 -6.31579
-0.510519 1.93375 -7.47958
1 -1.73205 10
1.94239 0.476571 -5.49782
-1.24858 -1.56239 -4.73684
2 6.37316e-08 -8.20685
0.0325903 -1.99973 -8.20282
0.517638 1.93185 9.10342
1.08287e-07 2 10
