82
2195 7
1791 7
1102 7
1261 7
1971 7
1974 7
2132 7
1330 7
1956 7
1943 7
1941 7
901 7
902 7
2226 7
2270 7
987 7
1862 7
861 7
2192 7
1378 7
1839 7
1924 7
1116 7
1117 7
1327 7
1218 7
186 7
187 7
1506 7
1121 7
1534 7
946 7
2120 7
1517 7
1419 7
1331 7
2272 7
1944 7
682 7
900 7
2225 7
1818 7
1385 7
988 7
989 7
1384 7
84 7
86 7
1840 7
1131 7
1095 7
2263 7
1706 7
1632 7
85 7
2179 7
1386 7
2178 7
1953 7
2095 7
1425 7
980 7
948 7
1335 7
188 7
430 7
1349 7
1351 7
1007 7
1949 7
1273 7
2124 7
1918 7
1919 7
2214 7
1928 7
1633 7
1634 7
431 7
1548 7
2024 7
432 7
