134
1.09345 -1.02682
1.52272 -1.10986
1.31446 -0.722631
1.22437 -1.44503
-0.638669 -1.35724
-0.578672 -1.78117
-0.281072 -1.47343
-1.21353 0.881678
-1.6557 0.934791
-1.39466 0.552187
0.80374 1.26649
0.798173 1.70597
0.463525 1.42658
1.22445 1.44462
1.52331 1.10932
1.09345 1.02682
1.74125 0.689446
1.31446 0.722631
0.35233 1.87413
0.0941858 1.49704
-0.165315 1.8922
-0.281072 1.47343
4.80644 1.68232
6 0.959571
6 3
-0.578672 1.78117
-0.638669 1.35724
-0.980231 1.61954
-0.956136 1.15577
0.404249 3
0.789169 2.35616
1.20868 3
-1.37066 1.2898
0.0143538 2.38088
-1.81395 0.465797
-1.48817 0.188
-0.78255 2.27938
-0.394249 3
-1.87283 -1.34572e-17
-1.48817 -0.188
-1.81395 -0.465797
-1.39466 -0.552187
-2.53145 2.13728
-1.62071 2.31531
-2.10225 3
-1.65693 -0.935262
-1.21353 -0.881678
-6 3
-4.96118 1.66639
-4.42575 3
-1.37252 -1.28915
-0.956136 -1.15577
-3.6161 1.94046
-3.15223 3
-0.984282 -1.61717
-0.165628 -1.89483
0.0941858 -1.49704
-6 -3
-4.86997 -1.84139
-6 -0.980768
0.348374 -1.8754
0.463525 -1.42658
-4.08984 -0.873794
0.798236 -1.70569
0.80374 -1.26649
-1.63203 -2.31497
-1.97852 -1.54701
-2.5494 -2.1386
-0.397788 -3
-0.785388 -2.2797
-1.20271 -3
0.00915234 -2.38734
1.74125 -0.689446
1.45287 -0.373035
0.780512 -2.34937
1.63416 -2.32288
1.20402 -3
2.53544 -2.13903
2.11599 -3
1.85805 -0.234805
1.5 0
2.80145 -1.28741
1.90852 -1.63688
6 -3
4.87918 -1.62838
4.41929 -3
1.85805 0.234805
1.45287 0.373035
3.61803 -1.92963
3.15861 -3
1.26629 -1.92558
-1.96661 1.54657
-1.39592 1.82453
1.63945 2.32214
2.12001 3
1.26844 1.92423
2.54003 2.13857
3.16178 3
1.90797 1.63541
4.83067 0.0121542
6 -0.959883
3.60371 1.93089
4.4212 3
3.88977 -0.924269
-1.19916 3
3.87594 0.869662
2.07917 1.12214
-2.8435 1.29389
-4.87978 0.0698983
-6 0.953606
-3.644 -1.93697
-4.42997 -3
-3.15853 -3
-2.88985 -1.29788
-2.93774 -0.560349
-2.10761 -3
-3.69866 0.0856602
-4.0103 0.911431
0.400083 -3
-2.2189 -0.894971
-2.32233 -0.289046
-1.39886 -1.82439
2.30452 0.604327
2.3028 -0.60673
2.80406 1.28324
2.36168 -1.34572e-17
3.70473 -0.0812826
2.9778 -0.460756
2.07792 -1.12658
3.01002 0.449276
-2.31836 0.286482
-2.99836 -3.98097e-05
-2.19779 0.886744
-2.89957 0.578181
