3267
0 1 2 3
3 4 5 6
3 4 7 8
0 3 2 9
2 10 3 11
2 9 3 10
3 4 8 9
12 13 14 15
16 17 18 19
14 20 15 21
13 15 19 22
15 23 24 25
15 16 19 23
7 26 27 28
13 21 15 22
15 22 21 29
30 31 32 33
30 34 35 36
37 38 39 40
34 41 36 42
33 43 42 44
33 36 42 43
34 42 36 43
34 42 43 45
46 47 48 49
50 51 52 53
51 52 53 54
52 53 54 55
56 57 58 59
53 60 61 62
16 17 19 63
17 19 63 64
19 65 64 66
17 19 64 66
13 22 19 67
19 65 66 68
13 19 18 67
8 69 10 70
71 72 73 74
72 75 74 76
74 77 78 79
80 81 82 83
84 74 78 85
62 78 74 77
62 73 72 74
86 65 23 68
87 88 89 90
90 91 92 93
89 90 92 93
88 94 90 95
96 97 98 99
29 100 101 102
103 102 29 104
105 102 106 107
21 102 101 108
109 110 111 112
106 102 104 113
93 114 115 116
21 104 102 113
82 47 46 49
117 118 119 120
86 121 122 65
117 120 119 123
119 123 120 124
119 120 125 126
120 126 124 127
128 129 130 131
132 133 134 135
136 137 131 138
128 129 131 139
140 141 110 142
143 144 145 69
112 142 146 147
109 110 112 142
141 146 142 148
149 142 146 148
150 151 152 153
154 153 152 155
156 151 153 157
139 153 155 157
156 153 137 157
54 158 159 160
54 158 160 161
159 162 160 163
164 165 166 167
158 160 161 168
111 169 170 171
159 163 160 168
52 54 159 160
52 55 160 172
4 173 26 174
4 174 28 175
4 28 8 99
176 177 40 178
98 179 180 181
1 3 5 6
182 183 184 185
186 40 187 188
4 6 7 173
3 4 6 7
189 190 191 192
15 16 20 193
192 194 195 196
192 195 194 197
147 192 195 196
192 198 199 200
201 67 66 68
171 192 189 198
202 203 204 205
135 202 203 204
118 205 133 206
207 208 204 209
202 205 204 209
201 67 68 210
118 205 206 211
205 206 211 212
205 209 206 212
13 22 67 210
19 66 67 68
22 101 210 213
15 21 20 29
21 29 22 101
117 119 203 214
159 215 158 216
152 216 217 218
150 152 151 216
219 150 151 216
220 152 216 217
219 158 221 216
219 221 222 216
222 216 221 223
222 220 216 223
159 163 224 225
159 163 168 226
226 227 228 229
215 224 226 228
230 231 232 233
233 234 235 236
141 233 236 237
186 40 188 238
141 236 233 239
233 236 235 239
103 20 240 104
21 29 102 104
103 241 102 104
240 20 242 104
163 224 225 243
163 244 245 246
163 245 244 247
159 226 168 227
159 163 225 248
163 225 248 249
162 163 248 249
160 163 162 250
163 247 225 249
160 168 163 251
160 163 250 251
192 194 196 252
192 200 197 253
192 199 197 200
254 255 129 256
257 252 197 258
192 195 197 199
259 194 195 197
259 195 194 260
261 259 194 260
146 262 196 263
112 196 146 262
237 263 264 265
254 61 266 256
263 267 264 268
196 268 263 269
141 237 263 267
196 269 263 270
196 263 262 270
43 45 271 272
273 210 68 274
275 271 45 272
276 42 45 271
276 41 277 45
277 41 34 45
264 268 267 278
146 147 195 196
279 268 280 281
282 281 265 283
284 264 283 285
286 287 288 289
290 284 264 281
282 291 265 281
292 293 294 295
296 294 293 295
297 31 292 295
103 298 20 29
51 54 53 79
53 54 78 79
50 53 52 60
51 79 77 129
292 299 294 293
300 301 302 88
303 304 305 306
254 129 61 256
101 213 108 289
213 289 307 308
213 289 308 309
108 289 213 309
13 21 22 213
101 213 289 307
13 310 213 311
114 116 312 313
71 313 116 314
89 116 92 315
76 89 306 315
76 116 313 316
92 116 93 317
116 312 313 316
89 93 92 116
135 202 204 208
133 202 135 318
319 135 202 318
133 134 135 203
320 321 135 203
320 135 134 203
322 323 324 325
325 326 327 328
329 325 327 328
324 327 325 326
146 267 232 330
323 325 331 326
332 333 334 335
228 333 229 335
332 334 336 335
228 333 335 337
338 228 229 335
235 335 334 337
83 339 340 341
261 257 194 197
2 342 341 343
83 341 342 344
2 341 345 346
286 288 347 289
348 349 350 351
340 346 339 352
2 341 346 353
0 2 346 353
2 343 341 353
92 91 94 354
339 346 341 355
356 357 358 359
3 9 8 10
25 360 29 361
362 25 29 361
362 29 100 361
94 100 360 361
363 24 364 361
364 25 362 361
159 215 224 226
159 215 218 225
365 366 367 368
367 366 285 368
217 366 368 369
370 217 365 368
98 99 181 371
98 181 180 371
372 373 374 70
373 374 70 181
70 181 371 375
179 99 374 181
347 308 309 311
376 307 377 308
358 378 294 293
286 289 347 308
377 307 286 308
376 379 210 308
210 213 308 311
18 19 66 67
13 67 18 380
381 382 18 380
15 19 22 24
12 18 15 193
18 383 193 384
385 386 387 388
389 381 18 380
382 12 18 380
17 384 18 390
31 36 35 359
35 359 36 391
35 359 391 392
36 42 391 393
33 42 36 393
33 44 357 394
33 357 44 393
28 375 371 395
395 396 397 398
28 371 174 395
4 26 7 28
26 397 395 396
256 313 399 400
26 28 174 395
4 26 28 174
26 395 174 401
402 403 404 405
349 350 406 407
350 405 406 407
405 407 408 409
405 406 407 409
410 407 411 409
410 411 412 409
413 149 109 142
288 414 309 415
287 288 289 415
287 416 415 417
418 415 416 417
418 107 415 417
30 35 31 36
30 31 33 36
419 322 420 30
31 359 35 392
296 294 378 293
33 36 359 393
31 33 36 359
35 391 41 421
41 421 391 422
35 36 41 391
423 297 295 424
35 324 326 425
297 292 31 326
31 293 33 359
31 35 326 426
35 392 425 426
31 293 359 392
3 5 4 9
2 10 11 342
2 11 167 342
0 9 2 353
8 11 10 69
8 28 70 99
4 28 99 175
5 4 9 99
427 358 299 392
428 429 430 431
432 431 430 433
432 434 431 433
435 436 431 437
386 438 439 388
429 440 441 442
443 283 440 442
283 441 440 442
444 443 440 442
445 446 441 442
87 90 89 312
447 448 449 12
94 100 101 360
91 317 93 388
91 93 178 388
40 93 115 178
40 93 178 187
40 93 188 312
40 188 238 312
40 93 114 115
93 114 116 312
71 76 116 313
89 93 116 312
92 315 116 317
92 93 91 317
206 396 450 451
202 206 209 396
202 396 209 452
26 396 401 452
26 396 395 401
26 395 397 453
79 131 129 139
79 129 130 313
72 75 76 313
72 77 79 313
75 79 138 316
186 454 455 188
455 188 454 456
457 456 458 459
457 455 456 459
187 456 188 459
458 459 456 460
454 456 187 460
119 328 327 425
119 425 327 461
119 203 214 461
119 123 425 462
119 124 328 425
119 425 214 462
463 452 26 464
465 299 466 426
467 401 318 452
26 209 396 452
468 244 434 246
469 470 435 244
435 431 244 437
468 244 246 251
471 245 469 244
469 244 245 247
245 246 244 251
472 473 474 162
224 337 243 433
224 243 234 369
243 430 429 431
243 247 431 437
224 225 243 369
77 256 129 313
93 116 115 475
362 298 103 29
77 129 79 313
89 312 116 316
476 71 73 74
71 72 313 399
72 74 75 79
75 313 79 316
44 197 200 253
44 253 200 477
32 33 293 478
44 197 253 271
479 449 382 380
110 111 112 262
109 112 170 147
41 461 214 480
481 482 483 125
484 58 350 485
486 487 488 384
111 112 262 270
146 263 196 267
230 267 260 278
146 260 232 267
228 234 235 489
319 202 208 452
41 425 214 461
230 232 260 267
141 233 237 267
14 20 21 104
21 108 101 213
101 102 107 108
490 92 94 491
14 113 21 310
17 405 402 492
17 64 405 492
339 349 350 405
49 349 339 405
17 405 64 408
352 405 485 493
352 405 493 494
339 350 352 405
118 127 120 495
206 212 209 396
496 497 498 499
484 350 408 485
118 451 206 500
118 206 133 500
202 396 401 450
133 205 202 206
501 152 502 218
151 216 152 218
502 152 217 218
150 152 154 153
151 152 155 218
150 220 152 216
51 53 61 77
503 254 255 504
50 52 51 504
52 54 139 155
52 53 55 60
52 172 162 505
52 504 505 506
52 160 159 162
54 78 75 507
54 75 79 157
52 54 155 159
53 78 62 77
53 78 55 508
53 62 78 508
54 155 151 157
42 43 45 271
275 258 271 272
43 272 271 477
253 271 258 272
253 271 272 477
509 510 253 272
510 253 272 477
511 512 513 514
511 515 512 514
516 211 517 514
484 350 348 407
516 511 212 514
515 514 211 518
91 101 94 354
91 101 417 460
101 289 107 417
91 417 101 519
91 101 354 519
29 101 100 360
520 521 522 494
91 95 94 101
24 210 101 523
21 29 101 102
524 94 363 361
15 24 22 25
525 526 527 393
482 528 125 529
530 500 531 529
531 529 500 532
528 125 529 532
528 126 125 532
533 175 96 534
174 185 371 534
535 534 182 536
96 175 99 534
10 69 11 342
537 322 419 324
538 143 11 69
145 69 10 342
144 372 69 70
145 69 372 70
94 354 100 491
538 144 69 539
540 423 32 424
540 32 43 424
31 32 293 295
423 295 32 424
297 30 31 295
423 296 32 295
541 309 113 310
542 309 541 310
213 310 309 311
108 113 309 310
82 543 544 344
108 289 309 415
414 108 309 415
414 545 108 415
141 236 239 546
236 546 440 547
254 51 61 129
548 239 430 547
429 440 546 547
549 428 429 547
549 546 550 547
428 548 430 547
551 130 129 256
396 513 398 552
204 209 205 212
207 209 204 212
79 313 130 316
202 204 208 209
212 398 396 513
553 223 221 229
490 94 524 491
554 555 221 161
221 227 555 229
556 555 168 229
223 228 227 229
556 229 168 333
226 229 228 333
413 109 170 147
90 459 95 460
457 95 88 459
457 458 95 459
557 95 458 460
557 307 95 460
95 101 307 523
90 188 93 312
302 88 95 523
558 368 369 559
560 248 561 559
225 248 249 559
225 249 247 559
558 369 441 559
370 561 218 368
562 558 368 369
563 564 249 559
87 312 130 565
114 312 238 400
564 470 247 437
243 437 429 441
429 441 437 442
566 429 436 437
470 244 247 437
234 369 243 441
224 234 228 489
224 234 366 369
123 425 421 567
51 52 139 504
254 51 50 61
568 6 5 173
51 52 54 139
83 341 167 342
62 74 72 77
51 77 61 129
50 51 53 61
553 338 228 229
223 228 231 489
569 570 223 489
569 223 231 489
570 215 223 489
571 254 50 572
61 62 572 573
574 50 60 572
60 62 508 572
575 60 508 572
575 508 576 572
577 61 572 573
578 303 85 306
304 92 305 306
579 537 419 34
76 306 89 316
75 85 76 306
303 76 85 306
89 92 306 315
580 581 172 250
50 60 52 172
581 55 172 250
582 7 6 173
160 162 172 250
13 311 67 380
14 15 20 193
12 13 18 380
17 402 390 492
56 6 7 583
78 85 507 584
585 85 84 584
586 84 78 584
587 588 521 493
586 78 161 584
554 589 161 584
221 223 158 227
219 151 158 216
261 271 197 590
159 160 158 168
159 168 158 227
587 521 520 493
410 348 411 407
158 168 161 227
151 159 216 218
303 76 74 85
540 420 423 424
54 151 158 507
379 542 479 311
84 85 78 584
578 75 85 507
234 236 237 440
236 237 440 546
591 237 265 592
136 131 130 138
79 130 131 138
411 593 412 409
79 131 139 157
79 130 129 131
79 138 131 157
578 75 138 316
156 137 138 157
594 138 87 316
136 130 87 138
594 136 301 87
148 235 233 330
234 237 264 283
141 233 148 239
235 334 236 337
234 237 283 440
141 237 236 546
236 337 334 430
236 239 546 547
419 30 420 43
230 233 267 489
234 283 441 440
234 283 264 285
236 243 337 430
228 235 234 337
243 430 431 433
564 437 247 441
444 440 429 442
444 429 440 546
428 430 429 547
436 429 428 431
234 243 236 440
236 243 430 440
194 196 252 260
217 224 366 369
159 224 215 225
595 317 354 596
597 354 100 519
317 388 519 596
317 519 354 596
598 354 317 491
92 317 354 491
92 354 94 491
91 317 388 519
100 354 101 519
599 88 302 523
599 94 88 523
301 457 88 459
302 88 457 95
88 94 95 523
301 88 87 459
87 88 90 459
88 92 90 94
300 89 88 92
600 149 146 148
149 140 142 148
601 148 602 239
603 229 333 335
338 604 231 335
215 223 228 227
553 223 228 231
159 224 163 226
133 206 202 450
117 118 120 495
389 379 479 311
605 451 450 536
348 350 349 407
117 211 118 495
606 605 450 536
607 608 133 450
117 204 118 211
304 89 300 92
609 238 188 565
90 95 91 460
88 89 90 92
116 317 315 475
305 92 610 306
257 611 260 278
612 195 199 590
509 253 252 258
197 258 253 271
189 192 191 200
189 198 192 200
252 260 268 278
611 230 260 278
195 196 194 260
509 613 252 253
614 232 231 330
141 262 146 263
553 228 338 231
146 196 260 267
257 252 615 278
261 194 257 260
2 10 343 353
83 340 349 351
83 167 345 351
1 2 345 346
49 349 405 406
82 49 46 83
165 81 80 83
46 83 49 349
165 81 83 167
166 165 83 167
220 216 215 217
561 218 225 248
502 217 370 218
159 225 218 248
215 217 218 225
52 248 159 506
501 155 218 506
501 155 152 218
484 350 407 408
616 580 50 505
617 248 505 506
473 248 162 505
616 50 503 505
616 473 162 505
503 504 617 505
275 45 579 272
618 272 43 477
276 619 41 620
1 583 6 621
358 378 293 394
579 34 419 43
622 378 394 478
292 31 293 295
540 43 420 424
33 44 394 478
540 423 623 477
61 62 60 572
581 624 575 60
50 61 53 60
52 60 55 172
51 54 79 139
576 508 62 572
303 476 74 76
53 60 62 508
117 203 118 204
516 625 211 212
516 212 211 514
625 204 117 211
626 211 117 495
72 77 74 79
515 211 626 495
481 125 483 461
619 134 627 480
320 627 619 134
619 214 134 480
125 134 133 203
132 133 481 134
132 134 320 135
587 352 485 493
484 408 122 485
64 485 405 493
520 346 352 494
628 629 630 398
631 346 1 621
58 345 340 621
58 340 632 621
370 218 217 368
154 152 501 155
151 152 153 155
570 217 215 489
162 245 163 249
570 365 217 366
217 366 224 489
503 50 254 504
503 50 504 505
580 581 60 172
54 507 158 584
580 574 50 60
155 159 218 506
51 53 77 79
580 162 172 505
524 363 364 361
339 341 344 633
403 404 405 634
233 235 234 489
184 183 635 636
2 9 10 353
637 638 355 633
125 134 203 461
83 341 340 345
639 640 0 346
641 10 9 353
103 29 20 104
15 20 25 29
95 307 101 460
94 101 100 354
101 289 417 460
595 354 597 596
13 14 15 21
7 26 173 464
254 266 642 256
643 513 451 636
184 644 451 636
396 536 451 636
643 513 512 645
646 647 648 199
133 203 202 205
58 649 6 621
650 208 209 452
132 607 133 318
133 135 202 203
651 518 652 653
395 398 397 453
120 124 123 495
321 654 207 204
206 518 513 645
117 203 204 214
206 211 212 518
118 204 205 211
44 200 199 655
30 35 34 324
44 477 200 478
32 43 33 44
656 191 477 478
275 579 509 272
56 58 649 6
557 95 307 523
458 455 454 456
120 125 126 532
531 500 657 653
658 127 532 653
531 532 500 653
118 119 125 203
118 125 120 532
259 659 612 195
148 233 235 239
234 285 369 441
234 264 237 267
446 437 441 442
257 194 197 252
660 195 147 199
146 195 232 260
112 196 262 270
613 252 190 268
661 290 264 278
257 615 611 278
41 391 42 620
276 41 42 620
111 170 112 171
276 42 41 45
277 34 579 45
659 149 660 146
662 590 525 620
276 42 271 590
276 42 590 620
663 664 46 406
664 83 46 349
83 167 341 345
348 350 58 351
58 340 345 351
57 345 167 351
389 67 311 380
201 389 665 66
38 666 39 40
201 389 67 210
581 667 668 250
648 199 669 357
413 147 669 199
611 661 230 278
662 612 525 590
648 199 357 670
660 147 413 199
646 199 648 670
612 199 646 670
671 611 569 230
141 146 148 330
257 260 252 278
263 270 269 592
230 267 366 489
661 230 278 366
569 230 570 489
141 267 146 330
71 116 76 315
595 475 317 596
672 115 114 314
115 116 314 475
46 49 48 406
49 405 403 673
340 339 350 352
48 383 406 673
46 349 49 406
674 406 383 409
593 406 674 409
411 406 593 409
444 429 566 442
141 263 237 592
675 546 237 592
141 262 263 592
550 676 141 546
476 71 76 315
676 677 262 592
591 269 270 592
678 403 679 633
82 83 342 344
574 581 575 60
339 355 341 633
641 343 10 353
640 355 346 494
163 168 246 251
578 157 75 507
156 151 157 507
680 681 62 74
156 151 150 153
156 219 151 507
682 589 586 161
578 585 219 507
235 239 236 334
463 26 452 683
319 467 318 452
582 7 173 464
174 401 395 536
606 450 401 536
319 318 202 452
463 7 582 464
649 631 568 1
183 375 552 636
100 101 107 519
38 114 40 238
684 685 686 123
687 100 102 107
594 87 89 316
38 666 40 114
130 313 312 316
609 188 455 565
688 689 27 683
3 11 7 583
27 28 26 453
4 8 9 99
7 11 8 27
538 11 27 539
689 397 453 683
588 64 66 492
121 66 65 68
381 66 18 390
479 311 542 380
382 449 12 380
381 18 382 390
154 690 153 155
691 131 137 153
87 138 130 316
656 692 191 478
693 504 139 506
693 255 129 504
228 235 231 489
137 131 138 157
234 283 285 441
524 94 100 491
163 226 224 433
300 88 599 94
176 115 439 178
362 25 298 29
300 92 88 94
577 576 694 573
301 87 88 89
242 20 14 104
411 349 406 407
305 598 317 491
305 317 92 491
363 599 274 523
363 94 24 361
87 188 90 312
305 92 490 491
695 87 130 565
90 91 93 187
696 681 496 73
108 309 213 310
90 92 91 94
58 350 340 351
304 594 89 306
594 87 301 89
447 12 449 380
414 447 541 113
12 15 14 193
242 14 20 193
447 14 12 380
134 214 461 480
697 391 422 620
30 34 36 43
49 339 403 405
47 49 403 673
698 699 402 403
47 403 698 673
544 679 403 633
17 383 384 673
49 83 339 349
349 350 405 406
522 700 701 634
339 494 355 634
362 702 598 100
22 24 67 210
524 100 94 361
438 519 388 596
76 89 116 316
703 385 497 475
387 115 314 475
598 100 597 354
595 315 317 475
598 595 317 354
664 349 46 406
487 384 704 402
48 49 47 673
521 404 700 634
3 8 7 11
3 7 6 583
5 173 4 175
639 1 0 5
568 1 639 5
568 5 533 173
533 5 705 175
705 5 99 175
705 99 96 175
659 600 146 330
236 440 430 547
234 285 264 366
243 337 430 433
230 267 278 366
280 268 190 269
680 586 74 78
259 614 659 232
233 234 237 267
112 147 146 196
196 267 263 268
700 706 701 634
237 265 264 283
533 173 5 175
675 237 591 592
290 264 285 366
290 264 284 285
562 367 285 368
284 264 281 283
362 412 298 25
101 210 307 523
15 19 24 23
55 168 160 251
163 243 225 247
472 474 469 245
159 162 163 248
217 225 224 369
381 390 707 492
340 341 339 346
632 340 352 621
402 403 405 673
64 408 405 485
340 352 350 485
588 492 521 493
707 390 404 492
708 381 707 492
709 496 498 499
672 497 387 314
47 344 544 403
166 167 83 351
578 156 138 157
710 698 384 673
207 212 711 397
103 240 241 104
204 205 211 212
133 202 318 450
650 209 207 397
650 209 397 683
644 643 451 636
101 417 107 519
213 309 308 311
597 386 385 596
610 595 315 317
305 598 610 317
75 138 79 157
687 100 107 519
233 234 267 489
687 100 29 102
524 100 598 491
2 341 167 345
631 639 568 1
712 713 538 11
616 617 473 505
206 513 451 645
711 212 628 397
689 713 27 453
605 450 451 500
711 397 628 453
182 534 185 536
396 401 450 536
463 26 7 464
58 583 345 621
714 174 401 464
28 175 174 371
30 31 35 326
117 119 214 462
118 532 127 653
652 518 127 653
658 652 127 653
657 645 715 653
605 716 530 500
716 451 657 500
531 658 532 653
717 718 190 191
146 196 195 260
613 719 190 253
717 191 190 253
112 171 147 196
263 269 265 592
52 55 54 160
668 250 471 251
163 168 226 246
151 155 159 218
680 78 62 508
624 60 55 508
336 334 235 335
434 246 244 433
215 228 226 227
141 263 146 267
221 223 227 229
603 338 229 335
168 226 246 333
141 237 546 592
332 333 432 334
603 229 556 333
145 374 10 70
56 6 582 7
720 721 722 353
705 97 96 99
582 568 714 173
145 10 69 70
206 396 451 513
640 721 720 353
97 5 9 99
8 28 27 539
723 374 9 10
724 117 626 211
48 47 698 673
106 108 102 113
13 22 210 213
725 12 447 14
382 12 488 390
15 16 18 19
13 15 18 19
242 14 447 113
447 449 310 380
22 101 29 360
86 273 68 274
587 121 588 64
16 18 17 383
17 405 408 409
2 167 341 342
587 485 64 493
19 23 63 65
19 63 64 65
12 18 193 384
16 193 18 383
17 18 66 390
455 188 459 565
497 387 314 475
609 37 238 400
52 139 504 506
131 153 139 157
79 130 138 316
114 314 313 399
114 399 313 400
136 695 87 130
726 727 256 400
37 38 238 400
114 116 313 314
496 73 71 499
476 703 71 315
703 314 71 315
305 610 92 317
62 72 73 499
696 62 73 499
578 85 75 306
303 610 76 306
610 476 76 315
364 410 412 728
688 650 689 683
2 167 11 583
2 345 167 583
164 689 713 27
575 680 696 508
28 453 539 729
543 343 730 344
164 59 11 167
374 10 70 99
538 453 630 539
731 289 307 460
542 310 449 380
524 364 362 361
12 18 384 390
382 18 12 390
17 18 19 66
379 210 308 311
20 29 21 104
389 210 379 311
488 12 193 384
619 214 41 422
385 386 388 596
703 497 71 314
496 71 497 499
83 340 339 349
498 672 114 314
672 387 115 314
498 314 399 499
575 624 680 508
533 174 175 534
44 271 253 477
44 199 357 655
732 198 189 655
261 259 662 590
12 13 15 18
593 674 733 16
17 64 63 408
674 734 16 383
710 486 193 384
725 486 488 193
710 193 383 384
557 377 307 460
177 187 178 417
602 239 148 334
498 314 114 399
304 300 490 92
48 406 49 673
166 83 664 349
7 11 59 583
57 59 164 167
57 167 166 351
0 5 3 9
119 126 125 327
659 660 612 195
319 135 321 208
7 27 26 683
34 324 41 480
392 425 426 567
219 222 220 216
525 393 391 620
320 321 203 214
34 35 36 41
334 430 337 433
54 151 159 158
471 245 244 251
54 78 507 584
168 229 226 333
220 215 216 223
735 168 246 333
234 236 243 337
736 359 427 392
614 604 659 330
356 358 427 359
34 35 41 324
427 299 465 392
140 602 601 148
75 78 85 507
303 476 84 74
696 62 499 573
74 75 78 85
696 73 496 499
681 476 73 74
696 576 62 573
580 60 50 172
737 738 394 655
237 264 263 267
669 357 199 655
692 189 191 478
191 200 192 253
669 737 357 655
739 484 410 408
550 676 601 141
710 384 383 673
698 402 384 673
654 117 214 462
544 403 344 633
739 63 65 408
321 654 204 214
381 66 390 492
47 740 698 403
332 432 548 334
261 258 197 271
30 35 324 326
44 393 357 670
420 43 30 424
603 735 332 333
276 275 261 271
525 527 391 393
525 646 393 670
42 391 393 620
741 697 422 620
739 23 86 65
364 24 25 361
24 360 25 361
12 14 13 380
16 409 63 728
734 242 20 193
739 63 410 728
412 16 25 728
101 108 107 289
86 23 24 68
412 409 16 728
604 336 235 335
140 141 142 148
675 440 237 546
141 233 267 330
570 220 215 217
264 278 267 366
661 278 264 366
661 264 290 366
367 290 285 366
444 440 675 546
562 284 742 285
365 217 366 368
273 201 68 210
13 310 311 380
121 588 64 66
363 86 739 23
707 390 487 404
122 65 64 408
739 65 122 408
42 393 44 670
656 743 692 478
719 717 190 253
33 359 293 394
147 171 192 196
190 191 192 253
718 190 191 744
745 746 171 744
169 171 189 198
578 306 75 316
263 268 265 269
594 301 300 89
116 315 314 475
457 695 455 565
243 429 430 440
691 690 139 153
554 221 158 161
158 216 215 223
151 159 158 216
501 248 560 506
364 25 23 728
54 157 151 507
159 215 216 218
137 153 131 157
690 139 153 155
33 359 357 393
525 612 646 670
276 662 741 620
701 706 678 634
649 631 1 621
1 346 345 621
490 599 363 94
58 632 340 485
63 408 407 409
522 701 721 355
339 405 352 494
121 64 65 66
340 345 346 621
497 71 314 499
609 186 455 188
90 187 459 460
114 313 312 400
72 399 499 573
37 747 38 400
298 16 20 25
341 346 353 355
410 409 412 728
410 63 407 409
678 403 633 634
19 23 65 68
16 383 17 409
17 384 402 673
17 66 64 492
487 488 384 390
487 390 384 402
339 405 494 634
63 64 65 408
402 405 404 492
389 311 479 380
520 352 493 494
624 668 748 251
16 63 23 728
36 391 359 393
579 34 43 45
42 44 271 670
261 275 257 258
358 293 299 392
604 235 600 330
579 45 43 272
749 270 750 744
192 197 194 252
191 200 253 477
615 252 268 278
525 393 620 670
191 200 477 478
169 189 751 198
669 732 737 655
669 199 147 198
444 549 429 546
109 142 112 147
112 146 142 262
110 112 142 262
140 601 141 148
571 50 574 572
474 247 245 249
617 248 473 505
473 162 248 249
26 401 174 464
50 52 504 505
54 55 78 161
254 61 50 572
752 753 127 495
752 495 127 518
690 139 155 506
207 711 689 397
419 420 540 43
515 211 495 518
207 209 212 397
684 685 123 421
321 204 203 214
30 33 32 43
320 203 134 214
120 127 124 495
754 124 755 567
320 756 321 214
756 422 697 462
319 320 321 135
537 134 461 480
41 324 425 461
320 619 756 214
132 627 320 134
140 110 109 142
697 391 421 422
52 155 139 506
30 32 31 295
170 147 112 171
189 200 478 655
171 190 192 196
170 171 169 198
694 757 399 499
551 609 130 400
577 572 576 573
130 313 256 400
77 256 313 573
71 399 314 499
577 266 61 573
666 399 114 400
71 72 74 76
51 79 129 139
71 313 314 399
498 497 314 499
610 315 92 317
74 78 75 79
578 138 75 157
758 184 716 451
578 138 594 316
586 84 74 78
680 586 681 74
445 441 283 442
588 708 521 492
578 156 157 507
93 317 116 475
221 158 161 227
304 89 92 306
129 256 130 313
498 399 757 499
52 162 248 505
256 399 313 573
576 572 62 573
694 709 499 573
709 498 757 499
71 72 76 313
321 756 654 214
254 129 255 504
254 50 51 504
132 481 627 134
726 256 399 400
432 428 430 431
244 431 247 437
224 234 243 337
163 247 244 433
581 668 55 250
435 244 470 437
332 548 602 334
432 334 333 433
333 334 337 433
501 218 561 248
72 77 313 573
693 139 690 506
159 158 215 227
742 369 285 441
234 441 243 440
616 162 580 505
432 428 548 430
52 159 155 506
564 445 446 441
617 505 504 506
121 665 588 66
501 218 248 506
243 431 429 437
158 223 215 227
603 336 338 335
266 256 61 573
703 315 595 475
54 75 157 507
54 79 139 157
554 161 158 584
55 161 160 168
243 247 437 441
642 266 727 256
53 78 77 79
61 129 77 256
162 163 245 250
228 231 235 335
429 430 440 547
254 51 129 504
118 500 532 653
136 691 128 131
284 283 742 285
676 677 111 262
110 141 676 262
42 590 620 670
612 590 199 670
282 284 281 283
41 422 214 462
566 437 446 442
697 422 421 462
290 264 268 281
112 171 196 270
171 189 190 744
613 190 252 253
190 269 196 270
171 190 270 744
263 264 265 268
93 115 388 475
659 604 600 330
585 303 84 85
290 279 284 281
724 626 517 211
658 127 753 532
53 55 60 508
693 617 504 506
526 648 356 393
230 233 232 267
228 335 235 337
215 228 223 489
735 432 332 333
468 434 432 246
445 283 443 442
548 239 334 430
550 546 239 547
548 550 239 547
434 436 428 431
443 283 675 440
610 595 703 315
601 141 148 239
680 55 682 78
680 74 62 78
569 611 570 230
61 256 77 573
603 332 336 335
561 225 368 559
585 507 85 584
141 148 233 330
600 336 148 235
474 564 247 249
733 674 734 16
586 161 589 584
560 473 248 249
542 311 310 380
575 696 576 508
54 158 161 584
473 474 162 249
106 414 545 108
329 327 528 328
696 709 576 573
41 422 391 620
217 218 225 368
362 103 702 29
619 741 422 620
598 100 354 491
598 702 597 100
723 759 374 10
578 304 303 306
631 520 640 346
164 713 11 27
340 345 341 346
58 6 583 621
560 249 248 559
474 469 245 247
756 214 619 422
163 245 250 251
498 672 666 114
595 385 475 596
580 172 162 250
280 718 750 269
690 155 501 506
266 726 256 399
266 399 256 573
672 176 666 115
37 38 40 238
628 511 629 398
498 666 757 399
687 102 105 107
530 531 528 529
642 727 747 400
756 214 422 462
374 9 10 99
747 727 38 400
71 72 399 499
610 703 476 315
723 9 641 10
179 9 374 99
118 451 500 653
17 402 405 673
97 9 179 99
760 637 638 355
528 761 126 532
54 161 78 584
476 703 762 71
726 666 727 400
722 641 9 353
156 150 137 153
528 125 126 327
255 642 551 256
727 666 38 400
619 422 41 620
682 586 78 161
521 708 700 404
22 25 24 360
119 124 126 328
15 25 22 29
580 172 50 505
121 201 665 66
588 665 708 492
296 293 32 295
577 694 266 573
31 32 33 293
737 738 358 394
164 713 712 11
292 299 31 426
119 214 425 461
86 121 65 68
419 30 34 324
13 14 310 380
528 327 126 328
725 488 448 12
594 137 136 138
650 321 207 208
725 12 14 193
301 136 695 87
201 376 389 210
742 285 283 441
571 574 577 572
691 154 690 153
254 642 255 256
616 503 617 505
242 725 14 193
123 421 425 462
242 104 14 113
389 479 381 380
574 576 577 572
17 384 390 402
447 113 14 310
122 121 64 65
236 334 239 430
553 228 223 229
684 421 123 462
736 391 392 421
447 310 14 380
331 763 326 328
763 754 764 567
765 527 736 421
736 392 685 421
697 421 766 462
761 753 754 328
766 421 684 462
700 707 767 404
556 589 682 161
224 228 234 337
122 121 587 64
697 391 527 421
528 761 331 328
706 699 678 634
754 753 124 328
124 328 425 567
586 589 84 584
614 231 604 330
642 747 551 400
578 219 156 507
61 77 62 573
638 344 343 633
82 49 83 344
691 137 154 153
82 83 81 342
219 554 221 158
693 503 255 504
520 522 640 494
363 24 86 23
600 148 146 330
49 339 344 403
41 425 421 462
721 637 760 355
553 338 604 231
341 353 343 633
660 146 413 147
206 212 513 518
474 470 469 247
215 224 228 489
282 284 291 281
118 119 120 125
569 553 614 231
615 279 290 268
326 425 328 567
224 226 228 337
611 615 661 278
657 451 645 653
643 451 513 645
618 623 510 477
694 709 757 499
696 499 709 573
120 126 127 532
554 589 555 161
768 651 643 512
551 609 769 130
680 681 696 62
324 327 326 425
471 667 245 250
164 27 11 59
694 726 266 399
58 59 345 583
549 675 550 546
644 643 715 451
715 512 518 645
715 645 518 653
57 59 167 345
52 505 248 506
436 429 431 437
301 87 457 459
735 748 468 246
255 551 129 256
52 162 159 248
657 644 715 451
628 397 398 453
87 459 188 565
87 312 89 316
712 143 81 11
86 68 24 274
215 224 217 225
471 469 435 244
363 274 24 523
363 94 599 523
24 274 210 523
24 68 67 210
563 561 558 559
24 68 210 274
538 27 453 539
254 577 266 61
762 703 497 71
363 86 24 274
364 23 739 728
680 682 586 78
739 23 63 728
8 11 69 539
72 313 399 573
410 63 409 728
128 551 769 130
770 711 628 453
693 691 690 139
237 263 265 592
364 412 25 728
435 566 436 437
50 172 52 505
690 501 560 506
706 767 699 404
578 594 306 316
16 17 63 409
350 352 405 485
47 544 740 403
617 560 248 506
128 255 551 129
234 285 366 369
769 130 609 565
17 408 63 409
439 418 178 519
580 581 574 60
98 371 185 534
740 678 699 403
206 212 396 513
689 397 711 453
419 322 30 324
771 177 287 187
598 595 610 317
273 376 201 210
472 616 473 162
631 520 346 352
350 405 408 485
537 419 34 324
376 379 389 210
340 339 349 350
322 324 483 327
632 352 340 485
648 669 737 357
598 597 595 354
537 483 324 461
322 325 324 327
340 346 352 621
682 748 168 251
471 435 434 244
556 161 682 168
562 742 558 369
498 497 672 314
331 761 754 328
322 329 325 327
432 434 428 431
122 587 632 485
767 487 704 402
486 704 487 384
483 327 324 461
735 556 748 168
668 667 471 250
734 710 725 193
322 323 30 324
322 323 420 30
323 30 324 326
282 265 591 283
35 41 324 425
423 297 296 295
163 246 245 251
604 336 600 235
748 246 168 251
555 227 168 229
555 161 168 227
332 602 336 334
26 397 209 683
537 481 483 461
560 563 473 249
202 206 205 209
119 125 203 461
141 142 146 262
163 243 247 433
570 230 661 366
243 369 247 441
432 246 434 433
615 613 279 268
279 280 291 281
261 275 258 271
562 368 285 369
367 290 284 285
156 137 594 138
650 319 208 452
632 631 649 621
163 245 247 249
566 549 436 429
472 162 474 245
472 667 162 245
471 434 468 244
649 1 6 621
553 604 614 231
319 202 135 208
428 550 548 547
627 134 537 480
739 122 484 408
537 461 324 480
41 324 461 480
458 95 459 460
488 12 384 390
348 349 411 407
474 245 162 249
288 414 347 309
740 679 678 403
631 639 1 346
520 640 346 494
83 345 340 351
544 638 679 633
34 41 42 45
277 34 41 480
83 339 341 344
619 41 214 480
637 679 638 633
103 298 240 20
701 678 637 355
339 352 346 494
15 18 16 193
0 2 1 346
341 355 353 633
714 535 606 174
654 625 207 204
619 277 41 480
347 541 542 309
286 347 379 308
702 687 597 100
639 0 1 346
720 722 0 353
696 496 709 499
299 293 31 392
711 516 628 212
640 353 346 355
716 657 531 500
665 389 381 66
582 6 568 173
730 759 641 343
756 697 654 462
640 522 355 494
481 134 125 461
631 352 346 621
763 764 426 567
297 30 295 424
465 426 764 567
427 359 358 392
486 488 193 384
420 297 423 424
35 421 41 425
700 767 706 404
326 426 425 567
548 550 601 239
650 208 207 209
118 206 451 645
763 292 326 426
465 392 299 426
465 466 764 426
197 590 271 670
713 538 27 453
591 270 677 592
358 359 293 392
261 197 259 590
259 197 195 590
716 184 644 451
243 441 429 440
544 344 638 633
606 535 758 536
671 614 259 232
324 327 425 461
195 197 199 590
717 623 656 477
736 391 359 392
197 199 590 670
149 140 109 142
537 483 322 324
582 714 467 464
276 261 662 590
8 69 70 539
261 194 259 197
145 374 759 10
685 392 465 567
535 182 758 536
481 608 482 125
531 658 761 532
56 582 463 7
364 739 410 728
5 6 4 173
714 173 174 464
765 685 684 421
13 21 213 310
106 107 102 108
143 11 69 342
558 369 742 441
714 174 606 401
714 173 533 174
58 632 649 621
56 649 582 6
554 84 589 584
606 401 174 536
185 395 375 396
752 755 753 495
612 660 647 199
28 99 175 371
730 641 638 343
98 99 371 534
99 175 371 534
722 9 0 353
174 371 175 534
96 99 98 534
649 1 568 6
56 58 6 583
411 407 406 409
348 57 166 351
374 99 70 181
772 773 375 729
556 555 161 168
224 226 337 433
646 648 393 670
276 590 662 620
533 174 173 175
364 24 23 25
535 174 534 536
206 451 450 500
471 250 245 251
657 715 774 653
259 195 612 590
54 160 55 161
13 14 21 310
219 158 151 507
19 24 23 68
377 731 286 307
721 701 637 355
558 441 564 559
599 273 274 523
118 500 125 532
561 225 218 368
524 362 100 361
524 362 598 100
509 510 613 253
224 366 234 489
753 124 127 495
125 500 529 532
168 227 226 229
697 765 766 421
682 168 55 251
608 125 500 529
381 382 775 390
608 482 125 529
597 687 438 519
405 493 494 634
54 151 155 159
682 78 55 161
64 405 492 493
608 500 530 529
687 241 105 102
418 545 416 415
609 130 238 565
594 89 306 316
698 699 704 402
721 760 722 353
703 497 314 475
303 610 476 76
411 663 593 406
221 161 555 227
50 61 60 572
597 354 519 596
90 187 188 459
681 476 762 73
586 476 681 74
261 257 197 258
240 734 242 20
375 396 395 398
608 125 133 500
608 450 605 500
630 398 629 729
629 773 772 729
605 451 716 500
752 652 651 518
752 127 652 518
241 240 242 104
381 479 382 380
629 768 773 513
212 514 513 518
101 210 213 307
273 557 210 523
517 211 515 514
298 25 20 29
420 323 297 30
511 398 212 513
257 194 252 260
387 386 439 388
118 518 645 653
197 252 253 258
651 715 512 518
762 497 703 385
82 342 543 344
22 29 25 360
763 764 466 426
331 754 763 328
276 45 275 271
509 253 258 272
190 192 196 252
761 658 753 532
579 43 618 272
515 495 752 518
82 81 543 342
370 365 367 368
118 495 211 518
674 710 734 383
551 747 609 400
603 338 555 229
164 712 165 11
574 575 576 572
775 382 488 390
490 363 524 94
383 405 406 673
74 76 75 85
16 23 25 728
62 77 72 573
58 345 57 351
767 704 699 402
710 698 486 384
48 710 383 673
71 73 72 499
496 762 71 73
554 507 585 584
243 431 247 433
266 726 727 256
674 48 383 406
143 145 543 342
734 710 193 383
476 71 74 76
734 193 16 383
207 204 625 212
165 712 81 11
543 145 730 343
631 587 520 352
166 83 349 351
760 638 641 353
356 737 358 357
323 763 297 326
527 526 736 393
276 277 275 45
348 166 411 349
723 641 759 10
515 752 651 518
697 527 765 421
410 484 407 408
654 766 724 117
515 651 768 512
340 350 349 351
320 134 619 214
627 537 277 480
533 535 174 534
81 11 143 342
118 203 133 205
26 209 397 396
358 359 357 394
1 2 3 583
603 556 735 333
156 219 150 151
643 715 451 645
395 401 396 536
476 71 762 73
643 651 715 512
150 502 154 152
396 450 451 536
681 73 62 74
511 515 768 512
1 3 6 583
144 539 630 729
143 69 145 342
0 1 3 5
377 286 379 308
734 725 242 193
287 416 288 415
687 105 438 519
660 413 647 199
76 116 89 315
387 439 176 115
110 676 111 262
1 345 583 621
648 737 356 357
677 750 749 270
302 457 458 95
300 301 88 89
144 70 69 539
647 413 669 199
81 167 11 342
686 124 123 567
509 579 618 272
659 146 232 330
165 11 81 167
569 222 553 223
457 455 458 456
164 11 165 167
56 59 58 583
7 11 27 59
40 114 93 312
404 493 405 634
122 64 587 485
56 7 688 59
302 458 557 95
56 7 59 583
599 302 273 523
671 569 614 230
663 46 48 406
202 209 208 452
671 230 232 260
700 404 706 634
2 11 3 583
699 404 403 634
650 452 209 683
708 707 404 492
769 455 695 565
159 248 218 506
301 695 457 87
53 54 55 78
603 555 556 229
521 492 404 493
26 453 397 683
668 468 748 251
17 383 405 409
434 244 435 431
219 220 150 216
215 217 216 218
54 139 155 157
688 27 7 683
463 7 26 683
570 366 217 489
404 492 405 493
231 233 235 330
463 452 650 683
222 221 553 223
35 425 326 426
42 620 393 670
231 235 233 489
668 471 468 251
525 620 590 670
501 561 560 248
632 587 631 352
231 232 233 330
537 324 34 480
221 216 158 223
614 230 231 232
569 231 230 489
132 319 467 318
650 319 321 208
650 207 689 397
626 123 686 495
664 80 46 83
467 714 401 464
632 352 631 621
339 346 355 494
773 635 776 552
604 235 231 335
604 231 235 330
56 463 688 7
185 395 396 536
350 405 407 408
548 601 602 239
4 173 174 175
118 133 125 500
569 614 230 231
22 101 24 210
336 602 148 334
17 390 66 492
659 600 149 146
638 353 355 633
637 355 678 633
118 127 518 653
414 113 541 309
338 231 228 335
447 541 113 310
714 606 607 401
463 582 467 464
257 509 615 252
562 285 742 369
640 721 353 355
106 414 108 113
279 291 284 281
136 128 769 130
721 760 353 355
694 757 726 399
760 638 353 355
118 518 206 645
637 678 679 633
522 701 355 634
241 106 102 104
51 139 129 504
119 126 327 328
21 113 108 310
753 124 126 127
276 271 261 590
527 391 736 421
389 67 210 311
185 371 375 395
733 734 240 20
733 16 734 20
322 329 323 325
298 16 733 20
741 662 525 620
659 146 660 195
363 739 364 23
412 593 16 409
275 277 579 45
619 627 277 480
710 486 725 193
593 674 16 409
275 509 257 258
694 399 266 573
192 197 252 253
17 383 18 384
44 357 394 655
674 383 16 409
358 738 378 394
693 129 139 504
463 319 650 452
128 129 551 130
171 190 196 270
607 318 401 450
618 540 623 477
671 257 611 260
686 755 124 567
656 296 743 478
233 234 236 237
14 104 21 113
469 470 244 247
257 509 252 258
234 264 267 366
600 140 149 148
579 540 618 43
693 129 128 139
691 128 131 139
676 262 141 592
264 265 268 281
291 280 265 281
282 291 591 265
657 451 715 645
26 452 401 464
773 398 375 729
528 126 761 328
290 268 264 278
117 123 119 462
605 758 716 451
259 232 195 260
773 643 635 552
277 537 579 34
718 692 745 744
43 271 44 477
322 483 329 327
719 190 280 268
234 366 267 489
297 292 296 295
613 190 719 268
615 252 613 268
600 336 602 148
615 268 290 278
387 439 115 388
660 146 147 195
761 126 753 328
232 267 233 330
260 267 268 278
130 312 238 565
457 87 695 565
561 368 558 559
528 531 761 532
38 114 238 400
457 455 459 565
87 90 188 459
329 528 331 328
186 39 771 187
769 695 130 565
411 664 663 406
775 488 487 390
769 609 455 565
122 408 64 485
484 122 632 485
244 247 431 433
624 748 682 251
496 762 497 71
117 120 123 495
49 406 405 673
578 303 585 85
675 283 237 440
86 273 121 68
387 388 115 475
130 312 313 400
666 176 39 40
722 641 723 9
675 676 546 592
454 188 187 456
236 430 239 547
550 141 239 546
288 309 289 415
568 705 533 5
722 760 641 353
719 717 718 190
533 96 535 534
549 429 546 547
510 623 717 477
418 107 545 415
418 107 417 519
305 490 524 491
714 568 533 173
145 372 374 70
107 289 415 417
19 22 24 67
177 416 287 417
93 388 317 475
686 755 752 495
412 16 298 25
578 85 585 507
219 554 158 507
601 676 110 141
613 719 279 268
554 158 507 584
607 133 318 450
705 720 97 5
144 630 772 729
298 733 240 20
689 770 713 453
549 428 436 429
676 141 546 592
72 79 75 313
713 538 11 27
55 160 172 250
521 522 494 634
586 84 476 74
678 699 403 634
768 512 643 513
726 757 666 399
706 404 699 634
118 120 127 532
543 730 544 344
594 136 87 138
365 661 367 366
454 771 731 187
13 210 67 311
610 306 92 315
144 70 539 729
630 539 453 729
515 626 752 495
339 403 405 634
4 7 8 28
535 96 182 534
166 80 664 83
186 37 40 238
28 539 70 729
609 37 186 238
688 463 650 683
712 538 143 11
521 494 493 634
21 101 22 213
27 28 453 539
701 678 355 634
8 70 28 539
632 587 352 485
410 484 348 407
678 633 355 634
749 171 270 744
718 191 692 744
718 750 269 744
169 749 745 171
692 189 746 744
190 269 270 744
544 679 740 403
626 117 123 495
746 189 171 744
707 487 767 404
48 698 710 673
522 355 494 634
663 48 674 406
672 387 176 115
220 365 502 217
169 171 746 189
364 412 362 25
106 447 414 113
176 439 177 178
749 745 171 744
189 191 190 744
735 168 748 246
176 177 39 40
376 377 379 308
282 443 742 283
564 446 437 441
686 124 755 495
570 365 220 217
550 141 601 239
692 191 189 744
447 449 541 310
28 70 375 729
103 241 687 102
375 398 395 729
725 488 12 193
144 772 70 729
273 557 376 210
512 513 514 518
184 635 644 636
692 622 189 478
772 375 70 729
482 530 528 529
111 171 112 270
605 758 451 536
132 133 135 318
370 562 561 368
606 758 605 536
607 606 605 450
582 173 714 464
82 544 47 344
650 397 689 683
714 533 535 174
569 570 222 223
111 749 169 171
28 375 395 729
530 716 531 500
515 651 512 518
677 111 262 270
481 133 125 134
207 516 711 212
396 513 552 636
118 211 206 518
516 511 628 212
363 599 86 274
183 375 776 552
677 270 262 592
755 124 753 495
262 270 263 592
8 10 9 99
688 689 164 27
356 357 359 393
773 398 513 552
707 775 487 390
347 309 542 311
412 593 733 16
36 42 41 391
773 513 643 552
643 552 513 636
773 776 375 552
419 34 30 43
581 55 60 172
58 340 350 485
671 232 259 260
296 292 294 295
750 270 269 744
465 764 755 567
626 686 752 495
323 324 325 326
30 32 295 424
87 130 312 316
169 746 751 189
190 252 196 268
62 72 499 573
183 185 375 636
668 55 250 251
479 542 449 380
772 373 70 375
595 597 385 596
752 753 652 127
183 552 635 636
182 96 98 534
217 368 225 369
580 162 667 250
418 438 105 519
226 246 333 433
597 438 386 596
616 571 503 50
693 255 128 129
439 438 418 519
771 287 731 187
163 224 243 433
693 690 617 506
472 580 616 162
219 585 554 507
748 468 246 251
578 594 304 306
226 333 337 433
538 69 11 539
471 244 468 251
39 40 177 187
163 244 246 433
180 181 373 375
75 306 76 316
70 181 99 371
241 106 105 102
624 682 680 55
581 668 624 55
136 769 695 130
735 246 432 333
703 314 315 475
432 333 246 433
7 27 8 28
580 667 581 250
202 318 401 452
688 7 463 683
27 453 26 683
689 453 27 683
26 28 395 453
28 70 99 371
564 441 247 559
119 123 124 425
186 771 454 187
150 220 502 152
119 124 120 126
556 555 589 161
686 123 124 495
474 564 470 247
3 10 8 11
640 0 346 353
301 457 302 88
136 128 130 131
578 156 594 138
150 154 137 153
26 209 452 683
557 307 210 523
686 465 755 567
525 590 612 670
118 204 203 205
321 204 207 208
321 135 203 204
28 70 371 375
276 741 619 620
411 166 664 349
501 370 561 218
373 181 70 375
685 465 686 567
123 124 425 567
753 126 124 328
134 214 203 461
537 134 481 461
612 195 660 199
98 99 179 181
118 125 133 203
413 170 669 147
611 661 570 230
261 257 671 260
754 328 124 567
100 101 102 107
53 62 61 77
509 613 615 252
163 246 226 433
444 549 566 429
648 647 669 199
570 230 366 489
680 55 78 508
183 371 180 375
171 190 189 192
503 571 254 50
575 60 624 508
87 188 312 565
226 333 228 337
736 427 685 392
766 765 684 421
103 687 29 102
560 563 249 559
254 577 61 572
525 391 697 620
657 774 658 653
370 367 562 368
297 763 292 326
736 356 427 359
574 60 575 572
581 55 624 60
684 686 626 123
624 55 680 508
696 62 576 508
341 343 344 633
680 62 696 508
768 643 773 513
654 697 766 462
118 645 451 653
517 515 511 514
756 619 741 422
527 736 391 393
183 776 635 552
321 135 204 208
117 119 118 203
132 467 607 318
467 401 452 464
463 467 319 452
132 320 319 135
276 619 277 41
454 187 731 460
542 309 310 311
187 456 459 460
183 180 776 375
180 371 181 375
183 185 371 375
186 40 39 187
39 177 771 187
186 187 454 188
90 91 187 460
5 4 99 175
705 5 97 99
185 396 375 636
199 200 198 655
98 180 183 371
11 167 59 583
644 635 643 636
277 537 34 480
174 371 185 395
646 648 526 393
259 659 195 232
56 688 57 59
703 595 385 475
669 198 732 655
38 666 114 400
732 751 189 198
669 199 198 655
147 192 171 198
288 347 289 309
732 189 622 655
622 189 478 655
54 75 78 79
681 762 496 73
617 560 473 248
669 147 170 198
564 247 249 559
694 499 399 573
225 247 243 369
614 659 232 330
170 147 171 198
659 146 195 232
28 395 453 729
136 137 691 131
616 580 571 50
693 128 691 139
511 513 212 514
671 611 230 260
511 768 629 513
730 343 638 344
608 530 482 529
71 314 116 315
511 629 398 513
630 453 398 729
230 231 233 489
580 574 571 50
629 773 398 513
675 591 677 592
773 375 398 552
30 43 32 424
444 443 675 440
444 675 549 546
33 44 42 393
140 601 110 141
296 32 378 478
290 268 279 281
444 566 446 442
669 170 751 198
525 527 697 391
658 774 652 653
299 392 31 426
445 444 446 442
375 396 552 636
435 470 566 437
434 244 431 433
754 753 755 124
627 481 537 134
212 397 396 398
186 37 39 40
628 398 630 453
336 148 235 334
432 430 334 433
455 188 456 459
90 94 91 95
302 95 557 523
148 239 235 334
562 367 284 285
432 548 334 430
548 239 602 334
89 90 93 312
42 44 43 271
570 661 365 366
44 197 271 670
716 644 657 451
651 652 774 653
44 197 199 200
474 563 564 249
42 271 590 670
609 186 188 238
90 187 93 188
553 221 338 229
190 192 252 253
556 682 748 168
516 625 517 211
563 558 564 559
561 562 558 368
754 755 764 567
481 608 125 133
724 684 626 117
517 626 515 211
483 125 482 327
661 290 367 366
642 551 256 400
445 443 444 442
273 201 121 68
21 108 213 310
607 608 481 133
118 127 495 518
657 500 451 653
119 327 125 461
642 256 727 400
482 125 528 327
482 528 329 327
412 733 298 16
382 448 488 12
483 125 327 461
551 130 256 400
593 663 674 406
608 133 450 500
689 711 770 453
698 704 486 384
209 212 397 396
220 502 152 217
591 269 750 270
215 217 224 489
130 238 312 400
609 747 37 400
609 238 130 400
528 529 531 532
47 49 344 403
225 247 369 559
443 591 675 283
385 388 387 475
82 47 49 344
327 328 326 425
624 55 668 251
624 682 55 251
196 252 260 268
483 482 329 327
667 162 245 250
52 160 162 172
55 160 250 251
560 561 563 559
386 438 388 596
525 646 526 393
439 388 438 519
91 354 317 519
612 647 646 199
423 296 656 32
682 161 55 168
385 388 475 596
607 605 608 450
91 388 178 519
323 329 331 325
688 27 164 59
735 556 168 333
182 98 185 534
207 625 516 212
392 421 425 567
98 183 185 371
184 451 536 636
331 326 325 328
568 639 705 5
339 344 403 633
765 736 685 421
465 392 426 567
185 536 396 636
174 185 534 536
685 421 392 567
467 607 318 401
685 123 421 567
184 185 183 636
625 724 517 211
763 426 326 567
184 536 185 636
658 652 753 127
631 640 639 346
58 59 57 345
26 174 173 464
685 686 123 567
516 517 511 514
761 753 126 532
549 550 428 547
35 392 391 421
413 142 109 147
159 215 226 227
8 70 10 99
763 328 754 567
741 525 697 620
132 135 319 318
763 326 328 567
292 31 299 293
41 421 422 462
630 629 772 729
648 357 356 393
222 570 220 223
538 144 143 69
292 31 326 426
639 720 705 5
297 31 30 326
545 107 108 415
97 179 98 99
473 563 474 249
639 0 720 5
21 102 108 113
533 705 96 175
179 723 374 9
640 522 721 355
154 502 501 152
696 62 681 73
484 58 348 350
303 74 84 85
35 392 421 425
640 720 0 353
554 585 84 584
1 345 2 583
247 441 369 559
31 392 35 426
348 166 349 351
339 355 633 634
725 448 447 12
13 213 210 311
720 97 5 9
323 297 30 326
105 106 545 107
241 242 106 104
484 632 58 485
720 5 0 9
720 0 722 9
651 774 715 653
643 512 715 645
739 86 122 65
57 164 166 167
566 429 437 442
512 513 518 645
675 591 237 283
445 742 283 441
591 265 237 283
133 206 450 500
608 605 530 500
347 414 541 309
287 417 289 460
242 447 106 113
531 657 658 653
379 347 542 311
731 289 286 307
515 512 514 518
287 415 289 417
625 204 211 212
542 541 449 310
59 167 345 583
225 369 368 559
511 512 768 513
651 715 518 653
24 94 360 361
22 24 101 360
107 289 108 415
17 405 383 673
763 466 292 426
410 407 63 408
623 423 656 477
383 406 405 409
753 127 126 532
378 293 394 478
211 514 212 518
699 402 403 404
698 403 402 673
390 402 404 492
767 402 699 404
144 372 145 69
189 200 191 478
111 749 171 270
732 622 738 655
202 206 396 450
767 487 402 404
296 378 743 478
280 265 268 269
147 199 192 198
487 390 402 404
698 704 384 402
280 268 265 281
561 248 225 559
109 111 170 112
669 751 732 198
190 268 196 269
29 360 100 361
772 373 372 70
591 265 280 269
591 750 677 270
591 265 269 592
24 94 101 360
303 305 610 306
599 273 86 274
304 490 305 92
81 143 543 342
457 459 87 565
638 343 353 633
772 773 776 375
19 67 24 68
177 418 416 417
91 95 101 460
688 164 57 59
639 640 720 0
280 190 718 269
16 19 23 63
571 577 254 572
649 568 582 6
718 269 190 744
654 724 625 117
628 212 511 398
643 635 552 636
603 333 332 335
174 395 185 536
628 397 212 398
304 594 300 89
288 545 414 415
610 76 306 315
362 29 702 100
395 398 453 729
15 16 23 25
305 524 598 491
375 396 398 552
235 236 234 337
656 477 32 478
302 557 273 523
656 32 296 478
490 92 300 94
97 723 179 9
264 265 281 283
44 478 200 655
501 502 370 218
570 215 220 223
702 29 687 100
735 468 432 246
33 394 293 478
30 36 33 43
32 477 44 478
434 435 436 431
418 105 545 107
734 20 16 193
376 210 307 308
24 101 94 523
739 410 63 408
378 32 293 478
363 364 24 23
731 187 287 460
688 7 27 59
91 417 187 460
296 378 32 293
382 449 448 12
389 18 381 66
490 300 599 94
15 20 16 25
177 178 418 417
702 103 687 29
317 475 388 596
458 731 377 460
439 418 177 178
726 399 666 400
88 95 90 459
471 667 469 245
557 377 376 307
121 201 66 68
439 178 388 519
472 667 580 162
472 469 667 245
576 709 694 573
201 389 66 67
91 178 187 417
151 155 153 157
288 416 545 415
154 501 690 155
588 66 665 492
285 368 366 369
389 18 67 380
180 374 373 181
389 18 66 67
418 417 178 519
693 617 503 504
106 545 107 108
690 560 617 506
176 40 115 178
439 178 115 388
665 66 381 492
756 741 697 422
40 238 114 312
666 40 114 115
672 666 114 115
665 381 708 492
521 700 522 634
521 708 404 492
144 772 372 70
339 633 403 634
41 214 425 462
521 493 404 634
520 493 521 494
568 1 5 6
587 520 352 493
766 684 724 117
114 115 116 314
91 178 93 187
93 115 178 388
381 775 707 390
666 176 40 115
756 654 214 462
606 174 535 536
396 451 513 636
629 398 773 729
132 607 481 133
607 401 606 450
587 64 588 493
497 385 387 475
588 64 492 493
202 401 318 450
544 730 638 344
2 10 342 343
543 342 343 344
341 343 342 344
558 742 445 441
708 707 700 404
543 342 145 343
641 638 343 353
739 63 23 65
348 58 57 351
242 725 447 14
600 602 140 148
692 622 746 189
202 401 396 452
641 759 10 343
8 27 11 539
358 294 299 293
467 714 607 401
736 356 359 393
413 149 142 146
463 467 452 464
145 10 759 343
292 466 299 426
145 342 10 343
40 93 187 188
736 359 391 393
622 394 738 655
177 287 187 417
743 378 622 478
569 223 553 231
502 365 370 217
615 290 661 278
221 555 338 229
622 378 738 394
557 376 210 307
470 446 566 437
4 7 26 173
177 40 178 187
613 510 719 253
94 101 95 523
279 719 280 268
772 776 373 375
662 259 612 590
418 105 107 519
287 187 417 460
147 195 192 199
597 519 438 596
180 373 776 375
597 100 687 519
564 446 470 437
377 731 307 460
282 742 284 283
557 458 377 460
458 456 454 460
179 374 180 181
717 692 718 191
687 107 105 519
718 745 750 744
92 317 91 354
558 445 564 441
414 108 113 309
101 307 289 460
622 478 394 655
358 293 359 394
32 44 33 478
660 149 413 146
751 746 622 189
189 198 200 655
737 732 738 655
730 145 759 343
579 419 540 43
692 743 622 478
196 260 267 268
275 509 258 272
737 394 357 655
677 749 111 270
717 191 253 477
510 717 719 253
648 357 393 670
509 618 510 272
550 675 676 546
737 358 357 394
717 656 692 191
732 751 622 189
169 745 746 171
671 230 614 232
170 169 751 198
413 146 142 147
684 626 117 123
654 117 625 204
333 334 335 337
654 766 117 462
766 684 117 462
618 510 272 477
510 717 253 477
719 718 280 190
600 235 148 330
692 746 745 744
618 43 540 477
540 32 423 477
261 671 259 260
338 336 604 335
445 742 443 283
75 76 313 316
44 394 478 655
654 117 204 214
411 349 664 406
698 740 699 403
591 280 750 269
291 280 591 265
749 750 745 744
675 677 676 592
97 722 723 9
110 142 141 262
32 43 44 477
282 591 443 283
423 32 656 477
540 43 32 477
420 30 297 424
717 656 191 477
625 117 724 211
684 123 117 462
210 213 307 308
379 308 347 311
731 287 289 460
720 722 97 9
44 357 199 670
44 199 197 670
286 307 289 308
182 185 184 536
80 82 46 83
81 83 167 342
538 630 144 539
182 98 183 185
166 165 80 83
49 339 83 344
713 770 538 453
674 48 710 383
758 182 184 536
526 356 736 393
33 357 359 394
770 628 630 453
758 184 451 536
770 630 538 453
685 427 465 392
242 106 104 113
458 454 731 460
323 331 763 326
329 331 325 328
731 287 286 289
188 238 312 565
363 24 94 523
498 114 666 399
273 210 274 523
300 302 599 88
91 178 417 519
347 308 289 309
691 139 131 153
