777
4.47635 -2.57499 -0.972088
3.68934 -2.12992 -0.952967
4.24567 -2.44515 -0.00353363
4.48463 -1.79046 -0.196339
4.7399 -0.966021 -0.43508
4.41996 -1.95589 -1.20523
3.49289 -1.27664 -0.494139
3.97728 -0.821305 0.0828965
5.0614 -1.50805 0.239377
5.4999 -2.10881 -0.764789
5.72665 -2.26982 0.0806434
4.57792 -1.7938 1.05826
0.89912 -6.17292 -0.0427064
-0.079084 -5.2529 -0.28307
-0.106208 -5.85884 0.607449
0.120993 -4.9377 0.362122
0.868347 -4.5269 1.00618
1.53098 -4.78899 -0.149797
0.860591 -5.24094 -0.401438
0.294915 -4.5748 -0.296922
-0.0088787 -5.21066 1.19394
-0.749003 -5.39418 0.341777
-0.566239 -4.84819 0.117542
0.0571076 -3.75755 0.0332128
-0.621359 -4.06529 -0.0519732
-0.171066 -4.24594 0.86427
4.25149 -0.0133317 0.123905
4.26909 -0.750382 0.994605
5.20355 -0.595228 0.00561089
-0.825478 -4.67048 1.0858
1.65216 4.96816 -0.923777
1.95026 5.24812 -0.223553
0.750384 5.70915 -0.857454
0.838773 5.20615 0.0206487
1.4309 3.95008 -0.986141
1.94768 4.55804 0.0877124
1.27737 4.60378 -0.151724
-4.91219 -4.36885 -1.234
-5.34437 -4.36473 -0.623804
-4.68208 -5.09981 -0.549096
-4.19205 -4.38377 -0.418096
1.70074 3.71808 -0.0278197
0.902598 4.13089 0.108059
0.897779 4.57957 -1.18526
0.0385846 5.02719 -0.00890078
0.740594 3.68883 -0.552958
3.42447 -4.22362 1.95157
3.90301 -5.00597 1.47774
2.82186 -5.25515 1.75187
3.23 -4.50454 1.08344
-6.05173 -0.564147 -0.465098
-5.2723 -1.20604 -0.585131
-5.39914 0.003683 -0.315845
-5.32932 -0.817125 0.267968
-4.48078 -0.443701 0.0507599
-5.43903 -0.0596238 0.818108
2.81908 -1.02606 -2.44929e-16
2.76709 -1.59758 0.861717
2.29813 -1.92836 -2.44929e-16
3.48599 -1.26909 0.475382
-5.94489 -0.640131 0.418888
-5.90535 -1.71533 -0.250646
-5.33889 -1.61554 0.824274
1.11336 -4.03201 0.208199
1.48184 -4.0327 -0.740627
0.632156 -3.59547 -0.62753
0.839987 -4.73496 -1.12265
-0.0257597 -4.73977 -0.87216
-0.00192787 -4.21046 -1.06501
5.58885 -1.73485 0.996319
6.07574 -1.24749 0.20362
-4.35892 -2.65603 0.987299
-4.54419 -2.12235 0.50844
-4.8241 -2.18636 1.31005
-4.19499 -1.48656 1.03616
-3.72779 -1.5388 -0.00468846
-3.70709 -2.12918 0.667432
-4.97089 -1.68995 0.0824388
-4.48387 -0.813537 0.803126
-4.50208 -1.60545 -0.30367
3.74835 -3.1838 1.99832
4.66262 -2.79773 1.95154
4.44907 -3.97308 1.75187
3.75204 -3.17984 0.999283
-3.54291 -0.916021 1.48419
-3.51679 -1.28289 0.568056
-1.94624e-08 -3.19516 -0.861717
-3.54271 -2.78121 -1.06234
-2.29365 -3.14469 -0.890486
-3.09435 -2.56523 -0.163969
-2.91039 -3.37128 -0.495876
-2.77448 -4.18108 0.182526
-2.62803 -2.98019 0.242227
-3.31962 -3.70081 0.0259484
-1.70104 -3.42872 -0.0421514
-2.28346 -3.80634 -0.991372
5.35881 -0.916997 -1.95174
5.65787 -1.94408 -1.74201
6.23242 -0.761915 -1.53773
5.59226 -1.27649 -0.849328
-1.56654 -4.10265 1.05223
-1.75136 -4.68364 0.0633113
-1.47781 -5.6033 0.983954
-0.875901 -4.83317 1.99806
-0.674208 -5.54284 1.12828
-2.23143 -5.91777 1.49857
-1.37056 -6.53927 1.08308
-2.16398 -5.51736 0.651121
-1.41346 -5.87901 0.294514
-2.73515 5.27034 1.7665
-3.56837 5.1516 1.54768
-3.20591 5.9385 0.970761
-2.64582 5.18845 0.849844
-0.921155 -6.07883 0.382718
-4.6817 -3.72799 0.114568
-4.19601 -4.38284 0.665938
-3.77278 -2.96557 0.331286
3.71942 3.13431 1.03092
4.55652 2.7475 0.0261971
3.51019 3.48082 -0.0271082
4.13524 3.52893 0.0211609
0.65122 -3.69261 -1.56093
1.09281 -3.00247 -0.861717
3.55212 4.22372 1.06163
4.00524 4.44651 0.177227
3.79049 3.0699 -0.986927
4.16984 4.00295 -0.52399
4.95379 3.74221 0.158978
-4.92743 -1.78435 -1.98548
-4.971 -1.82921 -1.0344
-4.47107 -2.48404 -1.14067
-4.21908 -1.3379 -1.23264
2.76709 1.59758 -0.861717
3.72485 2.08075 -0.758676
2.66144 2.57969 -0.561613
3.11214 1.79072 -0.107778
-3.77884 -1.79179 -1.82512
-3.54291 -0.916025 -1.48419
-3.82005 -1.522 -0.888916
-4.8347 -0.84961 -1.15634
-3.24726 4.29519 1.96268
-3.57635 4.26467 0.938563
-2.85488 4.67562 1.31707
5.54 -2.21214 1.75161
6.1921 -1.32629 1.49141
6.23754 -2.54149 0.994108
-2.38924 4.0374 1.04378
-1.72333 5.18235 1.0584
-3.36835 3.73931 1.38529
-2.38849 4.27261 1.99724
-3.26795 -4.00208e-16 -1
-3.8974 -0.0620876 -0.347228
-3.86185 0.44239 -0.987127
-4.13276 -0.440166 -1.2015
-4 -4.89859e-16 -1.73205
-4.49864 -4.37296e-05 -0.868458
-3.07614 -0.701753 -0.772403
-3.96785 -0.966777 -0.585783
-3.88959 0.505739 0.265906
-4.60385 0.851611 -0.0624919
-5.04359 0.446023 0.433336
-4.29766 0.308811 1.12954
-6.04186 0.839001 -0.426912
-5.17939 1.5161 0.121158
3.5235 -1.28235 1.56093
3.79307 -2.18993 1.90143
2.87242 -2.41013 1.56093
4.01747 -2.31637 0.955113
-4.76445 0.829453 1.05373
-2.35176 6.49849 0.590148
-2.0488 5.99497 1.48886
-2.26259 5.68729 0.143903
-5.9196 0.00032694 -4.01893e-05
4.10466 -0.733523 -0.989533
4.61141 -0.128718 -1.07716
5.09214 -0.877738 -0.96953
-4.71427 -5.0819 0.51776
-3.96933 -5.76572 0.0158504
-3.51721 -4.94736 0.403369
6.46715 -1.58708 -1.11696
6.82992 -0.67824 -0.726178
6.30243 -1.01477 -0.332278
5.93235 0.165962 -1.76816
6.69304 0.33239 -1.05148
6.19871 1.22593 -1.50361
5.74236 0.234557 -0.893129
-4.30352 -4.53128 -1.56187
-3.63327 -4.62825 -0.907149
-3.91556 -3.89892 -1.08428
-1.29138 6.04296 0.227626
-1.68275 5.04974 -0.858548
-0.807657 5.78029 -0.878018
-1.44888 4.80241 -0.0464428
1.10546 -5.74095 0.876062
-1.51912 3.93419 -0.0231984
-1.55753 4.07387 0.886384
-2.32061 4.4476 -0.00645064
-0.743273 4.03642 0.0775386
-1.35309 5.70988 0.823913
-0.948666 4.80621 1.17337
-0.632017 5.32532 -0.0944277
-2.66786e-08 -4.37986 -1.90143
3.78399 1.43866 -0.0862536
3.26943 2.43434 0.0214501
3.70422 2.15549 0.819649
4.25488 1.95767 0.427572
4.72253 1.86746 -0.112924
3.52344 1.28252 1.56093
3.47672 1.26375 0.502349
4.01981 1.10709 0.462186
-0.717474 -4.841 -1.1404
4.67677 2.5914 1.20033
4.82827 1.50643 1.07935
-1.10327 -5.27439 -0.479758
2.58099 2.69835 0.264884
-3.72997 1.4434 -0.107049
-3.62619 0.61952 -0.334274
-3.88602 1.59422 -1.03808
-4.3992 0.982771 -0.979428
-3 -3.67394e-16 -2.44929e-16
-3.0718 0.891195 -0.868597
-3.07157 0.890182 0.867565
-2.81908 1.02606 -2.44929e-16
-3.19314 1.6118 0.311905
-4.27689 2.23442 -0.0962026
-4.99941 1.58453 -0.644091
-4.43784 1.77078 0.414517
-3.98677 1.11563 0.65188
-3.7526 2.01133 0.714775
-3.82899 1.5363 1.09393
-2.49264 2.58153 -0.0835353
-2.86608 2.46033 0.602978
-2.28631 3.06669 0.543724
-3.38706 3.12998 0.54295
-4.01941 2.94541 -0.251317
-3.53038 2.7517 0.933942
-4.09987 3.32011 0.48423
-3.98761 4.01417 -0.0801022
-4.36199 -3.91042 -0.857778
-4.13805 3.63133 1.18033
-0.0868981 -5.43475 1.95202
-1.17263 -5.82268 1.76555
-0.216385 -6.33677 1.4843
-4.7949 2.78171 -0.0750927
-5.9395 2.12989 0.701236
-6.03972 1.42341 0.0617931
-5.21995 1.68254 1.01166
-5.52977 2.26915 -0.318389
-5.27206 0.900253 -0.982202
-5.81677 1.64141 -1.00537
-6.04068 0.556732 0.375361
-5.51306 0.879876 1.1255
-1.4425 3.99739 -1.02851
-0.815947 4.68645 -0.992326
-6.53057 -1.7914 -0.927736
-5.89204 -1.79207 -1.63027
-5.57725 -2.60449 -0.605524
-1.09281 3.00247 -0.861717
-0.580665 3.65677 -0.736057
-1.09281 3.00247 0.861717
-1.8699 3.44472 -0.137961
-0.520945 2.95442 -2.44929e-16
-3.30799 4.98907 0.640051
-3.07126 4.27973 -0.135131
-3.14078 3.61165 -0.997853
-3.27859 4.62756 -0.903056
-6.41898 -2.67696 -0.422756
-2.87826 3.51628 -0.035919
-2.32565 4.22615 -1.13029
-2.64481 5.09424 -0.846994
-2.83007 5.3629 -0.064906
0.0136381 4.05123 -0.24591
-0.0748051 4.23491 -1.13911
-0.650983 -3.69266 -1.56093
-0.607418 -3.61448 -0.744365
6.48726e-09 3.19516 -0.861717
0.520945 2.95442 -2.44929e-16
1.09281 3.00247 -0.861717
-2.34307 3.2013 -0.84962
-2.53434 4.27059 -1.99971
-2.82107 5.32461 -1.71691
-3.14417 4.07912 -1.31674
-4.29138 4.45998 -1.60797
-4.27624 3.89282 -0.923068
-3.71636 3.74568 -1.98079
-3.7567 3.22646 -1.31396
-2.0457 -5.9852 -1.49799
-3.12108 -5.99138 -0.958108
-2.29816 -6.5203 -0.581971
-2.05108 -5.55133 -0.636499
-2.81532 3.35517 -1.90143
-3.44657 4.71654 -1.8143
2.12961 6.5512 -0.658041
1.40418 6.00994 0.0574737
1.48794 6.83891 -0.0661016
1.53028 6.02316 -0.727199
0.898696 6.64684 -1.04166
1.95322 6.03175 -1.48462
-2.66786e-08 -4.37986 1.90143
2.46454 6.45629 0.590984
-2.05381 -2.44764 -0.861717
-2.82025 -2.43261 -1.54044
-1.8773 -3.25973 -1.57052
-2.81805 -1.6129 0.962763
-2.29813 -1.92836 -2.44929e-16
-2.05381 -2.44764 0.861717
-2.95827 -2.09524 0.392863
-1.90963 -4.97783 -1.04369
-1.38006 -5.56476 -1.11637
-1.16222 -6.19445 -0.355601
-0.731811 -5.9738 -0.164218
-0.426142 -5.65835 -0.989334
-4.11719 -3.25232 -0.420498
-4.55838 -2.52215 -0.0303167
-4.47845 -3.49216 0.873496
-3.59546 -2.77991 0.973716
-3.6761 -2.0996 -0.387155
-2.81496 -3.35531 0.951653
3.41403 1.24758 -0.662471
2.81908 1.02606 -2.44929e-16
2.29813 1.92836 -2.44929e-16
2.76709 1.59758 0.861717
2.4328 4.27248 -1.99826
2.82785 5.24275 -1.7563
2.20955 4.18355 -1.09431
3.0264 4.50562 -1.27397
2.67862 4.92874 -0.77393
3.26225 3.88578 -1.02155
3.87851 4.5501 -0.653709
3.42303 4.21995 -1.95241
-2.77916 3.2958 1.0165
3.8903 5.0125 -1.48015
-4.42303 2.63285 1.99457
-4.53865 2.04896 1.35001
-4.19205 3.02844 1.37617
-3.69361 2.27306 1.37333
-3.5474 2.70036 1.92523
-4.2684 2.55653 0.734661
-3.23442 1.79074 1.51734
3.46298 -3.798 0.0559434
2.96956 -2.69059 0.0195826
3.75719 -3.17552 0.000237888
4.72508 -2.90838 1.09741
5.26645 -3.1673 0.0738927
4.4789 -3.71365 0.777615
3.46147 -2.177 0.350732
3.75347 -3.07857 -1.03559
-1.39695 -6.58686 -0.997723
2.05381 -2.44764 0.861717
2.85671 -3.40223 0.942681
2.42793 -3.22229 0.350576
2.89186 -2.42995 0.676685
2.76616 -3.13956 -0.780288
4.76384 -3.19667 -0.814209
-2.20393 -3.85293 0.953714
4.36135 -3.87873 -0.761597
1.21736 5.84181 1.75052
0.392104 5.54977 1.08795
1.40057 6.59944 0.974692
1.54874 5.48883 0.92688
-1.08777 -4.1679 0.449754
-0.786717 -3.55085 0.701774
-0.650996 -3.69264 1.56092
-0.520945 -2.95442 -2.44929e-16
-1.94624e-08 -3.19516 0.861717
-3.23499 1.80099 -1.52203
-3.45646 2.58654 -1.05669
-3.55237 2.72191 -1.92994
-4.45562 2.11395 -1.36897
-4.78221 2.53935 -0.977911
-3.97686 1.75315 -1.8901
5.66684 -0.442594 -0.544688
6.70055 -1.47451 0.732897
6.95032 -0.791078 0.138492
6.72665 -1.9161 -0.151753
6.12488 0.0832623 0.0501076
-0.860805 -4.8438 -1.99839
-1.85084 -5.10352 -1.9535
0.584453 6.97509 -0.0431641
-0.948551 -5.90082 -1.74537
0.292111 -5.98182 -0.713511
1.12875 -5.86897 -1.74539
0.938519 -6.67329 -0.987927
1.97676 -5.13934 1.02901
2.2204 -5.77389 0.133133
-3.72578 -3.77563 1.9767
-3.46562 -4.69865 1.81575
-4.3379 -4.52181 1.54821
-3.56663 -4.41665 1.09662
0.00791122 -5.42948 -1.95334
1.78866 -5.76524 -0.78583
1.48511 4.29141 0.993674
2.32088 5.42623 0.704743
1.03329 4.74936 1.14671
0.406198 6.02997 0.430648
5.04225 0.247182 -0.115942
4.87931 0.930153 -0.182207
4.30604 0.631094 1.03096
5.47379 0.56343 1.06015
-5.33425 -3.08543 0.320949
-5.14344 -3.26829 -0.620799
4.1434 0.735614 -0.992224
2.80771 -5.51506 0.0607643
3.67414 -4.85098 0.402619
2.91984 -5.14866 -0.867165
2.56468 -4.31353 -0.0386125
2.44937 -4.16969 1.07066
1.89788 -3.3662 0.718728
1.8698 -3.54359 0.0196626
1.59477 -4.21737 0.903814
1.09281 -3.00247 0.861717
1.87488 -3.2472 1.56093
0.6512 -3.69262 1.56093
-1.75428 5.13682 1.95364
-1.51911 -6.83023 0.107201
-2.25135 -5.94109 0.0931556
-3.12689 -6.26232 0.0409281
-3.07059 -5.43089 0.0157696
-3.17118 -5.96015 0.965936
1.498 4.11572 -1.90143
1.77551 5.13722 -1.95203
2.29712 4.37226 1.17426
1.82812 3.35154 0.682165
0.878231 5.88676 -1.75894
1.38645 5.36962 -1.31196
2.67659 4.21036 -0.0186169
2.71116 5.52518 -0.0971482
2.37792 5.89748 1.46751
-5.47736 3.57267 1.27665
-5.21229 3.57267 0.20845
-4.78382 3.10073 0.755629
-5.41128 2.91642 0.686783
-5.34362 2.68014 1.74452
-5.00191 2.44782 0.835297
-6.04514 2.68493 1.18032
-6.41898 2.67696 0.422756
-5.90774 3.55526 0.639442
-5.70064 2.92987 -0.142088
-2.89858 -5.27602 1.72046
-3.93045 -5.35932 1.13594
-4.69401 3.70968 -0.197781
-5.17527 3.05957 -0.711887
-5.28911 3.62997 -0.483674
-4.93506 4.52115 -1.06485
-5.49629 4.30641 -0.264495
-5.48532 3.60984 -1.24335
-5.91743 3.51488 -0.67512
-0.311505 -6.90036 0.601565
0.617006 -6.97113 0.0803945
0.0744177 -6.90574 -0.605497
4.32696 1.51144 -1.18441
5.62787 1.9563 -0.684324
3.61613 0.650151 -0.0723037
4.84405 -0.104045 1.17257
-3.45207 -4.70979 -1.81531
-3.72073 -3.7748 -1.97733
-3.19988 -4.16942 -1.48433
-2.81532 -3.35517 -1.90143
-2.53818 -4.26636 -1.99968
-2.94641 -3.62568 -1.15232
-2.67833 -4.53995 -1.07796
2.65812 3.28624 -0.653168
2.73651 3.44815 0.893651
3 -1.21823e-08 -2.44929e-16
3.72513 -0.00432427 -0.49979
3.55977 5.73787 0.963861
2.98676 6.32994 -0.0564801
3.14662 0.554834 -0.861717
-5.89204 1.79207 1.63027
-6.76495 1.79874 3.90799e-14
-6.41898 2.67696 -0.422756
-6.53057 1.7914 0.927736
-6.87432 0.898835 -0.51397
-6.36977 0.894413 -1.39593
-6.53057 1.7914 -0.927736
-3.77842 -3.65829 1.14933
-3.77883 -1.79179 1.82512
0.017253 5.29113 -1.18394
-0.232217 6.10107 -0.350548
0.182724 -6.27909 -1.53529
1.87403 3.23232 -0.527697
2.87246 2.4106 -1.5612
3.76333 3.17516 -1.99855
2.81532 3.35517 -1.90143
1.5 -2.59808 -2.44929e-16
2.07263 -3.0681 -0.44622
2.1157 -6.55865 0.649921
2.41011 -6.478 -0.587365
1.5147 -6.83177 -0.0965723
-3.39098 2.15357 -0.289985
-1.5 -2.59808 -2.44929e-16
-1.84459 -3.14129 0.657314
1.68525 -4.89708 -1.02961
2.13497 -4.0799 -1.10841
3.23608 -3.85293 -1.1418
4.40118 3.83618 0.846326
-5.33322 -2.68697 1.748
-4.7381 -3.5618 1.7719
-5.50302 -3.58314 1.24311
-5.31285 -2.74693 0.906245
4.90473 2.49382 -1.07185
-4.46259 0.889749 -1.94881
-3.59628 0.865844 -1.51905
-6.36977 -0.894413 -1.39593
-5.62101 -0.731456 -1.14039
-5.98946 0.0565262 -0.881193
-5.1408 0.284442 -1.28805
-3.6212 -0.64634 0.194763
-5.6595 -0.910721 1.12855
-0.649145 3.69067 -1.5591
-0.850612 4.82618 -1.99753
5.65392 1.87044 1.75711
5.91776 2.25191 0.557925
5.72819 1.54576 0.564123
5.24861 2.25251 1.32223
5.59555 2.96771 1.49026
4.62973 1.65392 1.99825
4.75087 2.63936 1.95217
5.29793 2.76368 0.539702
-2.8155 -4.90591 0.884537
2.81532 -3.35517 -1.90143
2.45422 -4.26376 -1.99838
3.49635 -4.15389 -1.95334
-1.28305 -3.85054 -0.701459
-1.09281 -3.00247 0.861717
0.65111 3.69264 1.56093
0.88326 4.8386 1.99834
1.498 4.11572 1.90143
4.42974 3.95849 -1.76495
4.40242 3.15073 -1.28322
4.69597 2.74585 -1.95104
5.26006 3.42246 -1.54052
4.73502 3.69249 -0.679721
4.31332 -0.760554 -1.90143
5.30871 -0.247811 -1.40105
4.92143 0.010371 -1.99846
4.96222 0.589489 -1.31336
1.87448 3.24708 -1.56068
5.33653 -1.03352 1.95197
5.34208 -1.00401 0.976513
0.828187 4.84423 -1.99817
-0.799739 -6.94232 -0.216604
-0.58695 -6.62302 -1.13175
5.38141 -3.36749 1.47729
4.97892 -4.52516 1.00688
-2.33196 -6.50232 0.60013
-4.54784 4.24021 0.454214
-4.74214 3.65068 0.900488
-4.7915 3.53762 1.75675
-5.33887 4.37873 0.609592
-4.85556 4.44355 1.22374
-5.33355 -2.6819 -1.7491
6.16585 0.932274 0.0529974
-2.69312 1.67878 0.814841
-3.26795 -4.00208e-16 1
-3.59632 0.863906 1.5187
-4.46259 0.889749 1.94881
-1.498 -4.11572 -1.90143
-5.34137 2.68763 -1.74377
-5.31084 2.06035 -1.20136
-5.49681 0.893024 -1.91739
-4.9575 1.78404 -1.98186
-4.39878 2.6954 -1.99368
-5.89204 1.79207 -1.63027
-6.04041 2.68249 -1.18756
-3.9294 -3.18587 -1.41861
-6.04303 3.53295 3.90799e-14
3.52054 4.98429 0.115679
3.52351 -1.28235 -1.56094
-2.29813 1.92836 -2.44929e-16
-2.6935 1.67841 -0.815111
-6.87432 -0.898835 -0.51397
-6.31174 -1.19599 0.244839
-5.7762 -2.07987 0.490469
-6.87432 -0.898835 0.51397
-6.36977 -0.894413 1.39593
-6.53057 -1.7914 0.927736
-6.76495 -1.79874 3.90799e-14
-2.81908 -1.02606 -2.44929e-16
0.651067 3.69285 -1.56109
-7 -8.57253e-16 3.9968e-14
-6.73205 -8.24438e-16 1
3.14662 -0.554834 -0.861717
3.70676 -1.49485 0.0153283
-3.90539 -0.485169 0.975489
-3.07614 -0.701752 0.772402
-4.46259 -0.889749 1.94881
1.87489 -3.24719 -1.56093
1.498 -4.11572 -1.90143
-4 -4.89859e-16 1.73205
-0.34438 3.84485 0.703859
-4.00924 5.32865 -1.10281
-3.76434 4.85163 0.0173592
1.498 -4.11572 1.90143
-2.81805 -1.6129 -0.96277
-2.81532 -3.35517 1.90143
-3.00799 -3.96918 1.50618
-2.54687 -4.24965 1.99948
-1.87718 -3.2593 1.57017
-1.09281 -3.00247 -0.861717
-2.84356 3.37969 1.91308
-4.11943 4.38366 1.72301
-3.92293 3.54947 1.97881
-3.97375 1.74616 1.88813
-2.71298 2.49789 1.50933
4.61193 1.69287 -1.9981
4.31332 0.760554 -1.90143
3.51566 1.27962 -1.55424
3.79307 2.18993 -1.90143
-4.71501 -3.56021 -1.78192
-2.82023 -2.43258 1.5404
-2.04407 2.45457 -0.859777
-0.64964 3.70271 1.56863
-1.498 4.11572 -1.90143
-2.04416 2.45446 0.859707
-1.85987 3.27464 -1.57389
-6.73205 -8.24438e-16 -1
-6 -7.34788e-16 -1.73205
8.89261e-09 4.37986 -1.90143
1.5 2.59808 -2.44929e-16
0.91812 3.71525 0.671463
2.8753 -2.41292 -0.602144
-0.624571 6.9702 0.0866293
-0.0686449 5.41295 -1.95681
-6 -7.34788e-16 1.73205
3.79307 2.18993 1.90143
4.67119 3.69672 1.75618
2.05381 2.44764 -0.861717
5.36761 0.854859 1.95206
6.2777 0.867896 1.48706
5.95366 -0.172228 1.75664
2.87243 -2.41011 -1.56093
2.05381 -2.44764 -0.861717
4.41168 -4.18711 0.0909639
3.54255 -4.66748 -0.921367
6.81723 1.24098 -0.527198
5.94358 1.06311 -0.675801
5.00656 -4.5115 -0.987183
5.55247 -4.25877 -0.0970721
3.79307 -2.18993 -1.90143
3.76487 -3.16711 -1.99839
6.015 -3.40504 -0.587028
-6.04308 -2.68435 -1.18321
6.70892 1.95997 0.206043
6.40843 2.09256 -0.983588
5.70199 2.24243 -0.0794791
8.89261e-09 4.37986 1.90143
-0.823363 4.85107 1.99842
0.0896738 5.4353 1.95189
2.76709 -1.59758 -0.861717
3.14662 0.554834 0.861717
6.14199 3.09708 0.686021
5.7563 3.96856 0.181541
5.33326 3.11176 -0.517145
2.8723 2.41027 1.56093
-0.306541 5.91349 0.789453
-0.168722 6.31986 -1.50068
5.97882 2.92901 -1.1189
5.58098 3.95944 -0.77713
-1.85846 3.27136 1.5711
-1.498 4.11572 1.90143
-2.71259 2.49443 -1.50704
6.48726e-09 3.19516 0.861717
2.43338 -4.27378 1.99832
2.81532 -3.35517 1.90143
0.847904 -4.84603 -1.99839
-5.46174 -4.35986 0.214268
-6.87432 0.898835 0.51397
-6.36977 0.894413 1.39593
-0.867303 5.91426 1.74484
-0.0487426 4.54221 0.898648
-1.5 2.59808 -2.44929e-16
-5.00996 -4.37424 1.12904
2.6732 -5.24666 0.693791
1.77394 -5.13957 1.95165
-4.80158 5.09358 0.00861373
-4.24022 5.27716 0.93188
-3.95948 5.77039 -0.0846875
4.48037 -5.2626 -0.588394
4.95477 -4.9426 0.0774568
-5.49681 -0.893024 1.91739
-4.91983 -1.78505 1.9863
-5 -6.12323e-16 2
3.80597 0.00365604 0.68612
3.56403 4.10717 1.95146
3.13701 5.07839 1.74949
4.25025 4.72546 1.47042
-1.90799 -5.04238 1.96135
3.14662 -0.554834 0.861717
3.7496 8.96138e-05 1.56093
-5 -6.12323e-16 -2
-4.46259 -0.889749 -1.94881
-1.23423 6.62872 -0.981428
-5.49681 -0.893024 -1.91739
-6.41898 -2.67696 0.422756
-3.5962 -2.77962 -1.94761
-5.89204 -1.79207 1.63027
1.87473 3.24729 1.56093
3.13103 -5.95512 1.00688
3.75982 -5.90175 -0.0972496
3.06799 -5.12897 -1.74539
4.1694 -4.70436 -1.53166
-1.498 -4.11572 1.90143
-3.59578 -2.77981 1.94755
2.96549 -6.33915 0.0774568
4.62478 -1.68661 -1.99851
3.80796 -5.46965 -1.10857
2.30892 -5.84672 -1.53164
1.86469 -5.09921 -1.95335
-6.04201 -2.68033 1.18676
1.95567 -6.03859 1.47803
4.31332 0.760554 1.90143
4.61126 -1.70987 1.99832
4.31332 -0.760554 1.90143
3.74962 2.50044e-05 -1.56095
6.46574 2.65516 -0.202829
5.59295 2.14327 -1.73804
-1.09181 5.86798 -1.74975
-2.07247 5.99856 -1.47885
-1.78818 5.08908 -1.96079
4.70941 -2.70582 -1.95292
4.63759 -3.76999 -1.74534
5.53243 -2.99099 -1.52906
6.26727 -2.48009 -0.985857
3.78514 3.13803 1.99827
0.898107 -6.66945 1.00416
-6.04303 -3.53295 3.55271e-14
-5.90774 -3.55526 -0.639442
0.684486 -3.72511 0.831861
5.81223 -0.132982 0.864362
5.8373 -3.66336 0.649489
-2.85045 -5.31889 -1.71164
-0.581653 6.66186 1.07394
0.82511 -4.84787 1.9983
0.861152 -5.90086 1.75269
-4.9575 1.78404 1.98186
1.94633 5.07898 1.95119
0.262789 6.313 1.50388
0.297961 6.85444 0.732801
0.520945 -2.95442 -2.44929e-16
4.23345 -5.44159 0.641241
1.09281 3.00247 0.861717
-4.73869 3.58203 -1.76522
-0.188362 6.85952 -0.729759
-2.12895 5.74889 -0.655393
-2.30049 6.51306 -0.601523
-1.58493 6.81816 0.0145586
-5.47695 -3.55687 -1.28739
-5.49681 0.893024 1.91739
-3.1447 6.25301 -0.0555195
-3.13221 5.95992 -0.998598
-1.39255 6.59166 0.991124
5.31631 4.08731 1.04396
5.19832 4.6878 0.0243629
4.29553 5.40888 -0.602584
4.58309 5.16125 0.617126
2.05381 2.44764 0.861717
-5.91143 -3.53174 0.665343
5.32728 1.01411 -1.95477
6.3704 -2.89903 0.0625756
5.44956 -3.83646 -1.10874
4.87999 4.58643 -1.05841
-4.40052 -2.68 1.99419
3.11499 5.94285 -1.03767
3.76061 5.90279 -0.0653672
2.48482 4.24474 1.99834
2.81532 3.35517 1.90143
3.16136 -5.95191 -0.987178
6.36395 1.99768 1.10031
-4.40219 -2.67861 -1.99413
4.91659 -0.029351 1.99826
-3.89859 -5.38529 -1.1327
6.69774 -0.29219 1.0469
6.82258 0.942822 0.661545
6.12107 3.35855 -0.26827
1.70772 -6.44215 -1.10857
6.99718 0.186818 0.0360759
