52
1882 10.0 0.0 0.0
1195 10.0 0.0 0.0
1631 10.0 0.0 0.0
2160 10.0 0.0 0.0
2132 10.0 0.0 0.0
2079 10.0 0.0 0.0
2077 10.0 0.0 0.0
2131 10.0 0.0 0.0
1976 10.0 0.0 0.0
2130 10.0 0.0 0.0
1263 10.0 0.0 0.0
1580 10.0 0.0 0.0
796 10.0 0.0 0.0
65 10.0 0.0 0.0
1871 10.0 0.0 0.0
1350 10.0 0.0 0.0
1342 10.0 0.0 0.0
1344 10.0 0.0 0.0
1858 10.0 0.0 0.0
1477 10.0 0.0 0.0
1883 10.0 0.0 0.0
2133 10.0 0.0 0.0
2215 10.0 0.0 0.0
1476 10.0 0.0 0.0
1875 10.0 0.0 0.0
1953 10.0 0.0 0.0
2067 10.0 0.0 0.0
1194 10.0 0.0 0.0
1710 10.0 0.0 0.0
1632 10.0 0.0 0.0
2084 10.0 0.0 0.0
1978 10.0 0.0 0.0
180 10.0 0.0 0.0
805 10.0 0.0 0.0
798 10.0 0.0 0.0
1874 10.0 0.0 0.0
1351 10.0 0.0 0.0
1345 10.0 0.0 0.0
1859 10.0 0.0 0.0
1334 10.0 0.0 0.0
1884 10.0 0.0 0.0
2052 10.0 0.0 0.0
1186 10.0 0.0 0.0
1876 10.0 0.0 0.0
1930 10.0 0.0 0.0
1885 10.0 0.0 0.0
1188 10.0 0.0 0.0
1184 10.0 0.0 0.0
1931 10.0 0.0 0.0
1185 10.0 0.0 0.0
1187 10.0 0.0 0.0
1281 10.0 0.0 0.0
