138
2 5
2.56465 4.10576
3 5
0 5
0.5 4.17653
1 5
-2 5
-1.5 4.17653
-1 5
-2.56465 4.10576
-3.62383 4.13213
-3 5
-5 5
-5 4
-4 5
-0.5 4.17653
1.5 4.17653
3.62382 4.13215
4 5
-4.16814 2.5042
-4.18189 3.48032
-5 3
5 4
5 5
-4.17653 0.5
-4.17653 1.5
-5 1
-5 -2
-4.17653 -1.5
-5 -1
-4.10576 -2.56465
-4.13213 -3.62383
-5 -3
-5 -5
-4 -5
-5 -4
-4.17653 -0.5
-5 0
-1.5 -4.17653
-2.5042 -4.16814
-2 -5
-0.5 -4.17653
-1 -5
0.5 -2.5296
0 -3.35307
1 -3.35307
4 -5
3.48905 -4.14984
3 -5
5 -5
5 -4
2.54488 -4.11111
2 -5
1.5 -4.17653
1 -5
4.1615 -3.61779
0.5 -4.17653
0 -5
4.15489 -2.53368
5 -3
4.17653 1.5
4.17653 0.5
5 1
4.16896 2.50425
3.35301 2.00914
4.18188 3.48066
5 3
-5 2
-3.23639 3.12084
-2.5296 2.5
-2.05166 3.33295
5 0
5 2
-1 3.35307
0 3.35307
-3.35307 1
-3 -5
-3.48032 -4.18189
-3.12084 -3.23639
-2.5 -2.5296
-3.33295 -2.05166
-3.35307 -1
-2.00865 -3.35344
4.17653 -1.5
5 -2
5 -1
3.35307 -1
4.17653 -0.5
3.2341 -3.12605
3.35338 -2.0089
2.05166 3.33295
1 3.35307
3.23615 3.12056
3.35307 1
2.5296 2.5
-3.35307 0
3.35307 0
2.05152 -3.33266
2.5296 -2.5
1.89472 -1.765
1.5 -2.5296
-1 -3.35307
2.5296 -0.5
-2.5296 -1.5
-0.5 -2.5296
-1.47277 -2.58286
2.5296 0.5
-3.35345 2.00866
-0.5 2.5296
0.5 2.5296
-1.5 2.5296
2.57783 1.46973
-2.58313 1.47291
-2.5296 0.5
1.5904 -0.910619
2.57841 -1.47013
1.5 2.5296
-0.963273 -1.6484
-1 1.70613
-1.89965 1.78046
-2.5296 -0.5
-0.0131666 1.68391
-1.70613 -1
-1.77994 -1.89965
0.441861 -0.845801
-0.0529632 -1.61558
1 -1.70613
1 1.70613
1.89386 1.76312
1.73376 -0.00222283
-1.60332 0.0358645
1.59563 0.902467
-0.766044 -0.543898
-0.622686 0.73565
0.898033 -0.0177889
-1.65454 0.96346
0.511437 0.883334
-0.0232713 0.0479891
