400
3938 7
4482 7
3798 7
479 7
480 7
1190 7
1970 7
1978 7
3270 7
680 7
155 7
2879 7
3932 7
2006 7
2004 7
3920 7
4182 7
4681 7
4993 7
3801 7
4874 7
4750 7
4159 7
3604 7
3610 7
5063 7
4991 7
4476 7
4479 7
3074 7
2165 7
1832 7
2475 7
3441 7
4989 7
4186 7
4923 7
4580 7
1685 7
4543 7
4052 7
3621 7
1676 7
2904 7
2905 7
2505 7
4982 7
5017 7
4975 7
5016 7
5126 7
5000 7
2503 7
2501 7
2500 7
5004 7
3622 7
3623 7
4542 7
4541 7
4579 7
5013 7
4185 7
4184 7
4587 7
2474 7
1831 7
1548 7
2463 7
3590 7
4477 7
4990 7
4746 7
3609 7
3607 7
3603 7
4358 7
4749 7
3799 7
4826 7
4680 7
4459 7
4073 7
3919 7
2003 7
3931 7
2877 7
2878 7
154 7
2876 7
1980 7
1968 7
1969 7
2164 7
478 7
4480 7
4484 7
3937 7
476 7
370 7
1511 7
1512 7
951 7
1188 7
3255 7
2479 7
2483 7
4590 7
4591 7
1770 7
1771 7
4995 7
3067 7
4764 7
4348 7
4965 7
4697 7
4696 7
4804 7
5112 7
4067 7
4080 7
4589 7
4994 7
2496 7
4772 7
4773 7
3428 7
3433 7
302 7
1546 7
1543 7
3796 7
3793 7
3615 7
4072 7
5108 7
4168 7
4169 7
3223 7
2491 7
1463 7
1043 7
1044 7
2998 7
687 7
3749 7
3708 7
1798 7
63 7
1184 7
1042 7
1462 7
2489 7
3225 7
3613 7
4167 7
5008 7
4070 7
4069 7
3618 7
3792 7
4592 7
1542 7
304 7
303 7
3429 7
5028 7
4771 7
5132 7
2499 7
4594 7
4081 7
4079 7
4066 7
5113 7
4695 7
4694 7
4964 7
4963 7
4343 7
4763 7
3066 7
5110 7
1769 7
5075 7
3936 7
2482 7
2477 7
2478 7
1187 7
949 7
950 7
371 7
3256 7
474 7
4675 7
4972 7
5019 7
5011 7
1272 7
3226 7
5116 7
5131 7
3246 7
3775 7
469 7
955 7
1673 7
3418 7
3419 7
1535 7
2678 7
2680 7
5003 7
4462 7
3611 7
2321 7
3422 7
3620 7
4064 7
3581 7
3252 7
3248 7
2687 7
3935 7
1836 7
4465 7
4464 7
4060 7
4061 7
5070 7
5121 7
2674 7
4357 7
2694 7
2691 7
4164 7
4165 7
1456 7
1173 7
1174 7
4452 7
1677 7
477 7
3282 7
1830 7
1829 7
5117 7
1172 7
1455 7
4175 7
4174 7
4359 7
2693 7
2692 7
4356 7
2670 7
4725 7
4593 7
4059 7
4062 7
4463 7
4470 7
1835 7
2686 7
2685 7
3247 7
3251 7
3580 7
2125 7
3619 7
2319 7
2318 7
3781 7
5001 7
5002 7
2679 7
4472 7
1541 7
3417 7
2156 7
1670 7
470 7
472 7
3245 7
3242 7
3241 7
5115 7
2 7
5010 7
5018 7
4676 7
4178 7
5109 7
2896 7
2892 7
2893 7
3940 7
3791 7
1356 7
3257 7
1993 7
1989 7
1984 7
3771 7
4583 7
4155 7
4689 7
4823 7
4760 7
4758 7
4355 7
3069 7
2000 7
2002 7
5114 7
4703 7
5074 7
3258 7
2160 7
2884 7
3260 7
3943 7
4338 7
3413 7
3416 7
1507 7
1508 7
1838 7
1997 7
2488 7
4351 7
4586 7
3439 7
3435 7
3437 7
4076 7
2681 7
4507 7
3266 7
5012 7
4179 7
4674 7
3269 7
3263 7
3267 7
4074 7
4903 7
4469 7
3436 7
3438 7
4162 7
4350 7
2901 7
2484 7
1839 7
1532 7
1506 7
2862 7
3412 7
4336 7
4474 7
3261 7
2882 7
2881 7
2159 7
4063 7
5073 7
4700 7
5133 7
2001 7
3070 7
3072 7
4901 7
4757 7
4821 7
4820 7
4688 7
4158 7
4582 7
1981 7
1983 7
1991 7
1352 7
1353 7
4078 7
3927 7
2900 7
2891 7
2898 7
4974 7
5014 7
5015 7
3939 7
4966 7
475 7
4897 7
4180 7
4177 7
