2544
3708 0.0 0.0 -100.0
1798 0.0 0.0 -100.0
63 0.0 0.0 -100.0
1184 0.0 0.0 -100.0
1042 0.0 0.0 -100.0
1462 0.0 0.0 -100.0
2489 0.0 0.0 -100.0
3225 0.0 0.0 -100.0
3613 0.0 0.0 -100.0
4167 0.0 0.0 -100.0
5008 0.0 0.0 -100.0
4070 0.0 0.0 -100.0
4069 0.0 0.0 -100.0
3618 0.0 0.0 -100.0
3792 0.0 0.0 -100.0
4592 0.0 0.0 -100.0
1542 0.0 0.0 -100.0
304 0.0 0.0 -100.0
303 0.0 0.0 -100.0
3429 0.0 0.0 -100.0
5028 0.0 0.0 -100.0
4771 0.0 0.0 -100.0
5132 0.0 0.0 -100.0
2499 0.0 0.0 -100.0
4594 0.0 0.0 -100.0
4081 0.0 0.0 -100.0
4079 0.0 0.0 -100.0
4066 0.0 0.0 -100.0
5113 0.0 0.0 -100.0
4695 0.0 0.0 -100.0
4694 0.0 0.0 -100.0
4964 0.0 0.0 -100.0
4963 0.0 0.0 -100.0
4343 0.0 0.0 -100.0
4763 0.0 0.0 -100.0
3066 0.0 0.0 -100.0
5110 0.0 0.0 -100.0
1769 0.0 0.0 -100.0
5075 0.0 0.0 -100.0
3936 0.0 0.0 -100.0
2482 0.0 0.0 -100.0
2477 0.0 0.0 -100.0
2478 0.0 0.0 -100.0
1187 0.0 0.0 -100.0
949 0.0 0.0 -100.0
950 0.0 0.0 -100.0
371 0.0 0.0 -100.0
3256 0.0 0.0 -100.0
474 0.0 0.0 -100.0
3282 0.0 0.0 -100.0
1830 0.0 0.0 -100.0
1829 0.0 0.0 -100.0
5117 0.0 0.0 -100.0
1172 0.0 0.0 -100.0
1455 0.0 0.0 -100.0
4175 0.0 0.0 -100.0
4174 0.0 0.0 -100.0
4359 0.0 0.0 -100.0
2693 0.0 0.0 -100.0
2692 0.0 0.0 -100.0
4356 0.0 0.0 -100.0
2670 0.0 0.0 -100.0
4725 0.0 0.0 -100.0
4593 0.0 0.0 -100.0
4059 0.0 0.0 -100.0
4062 0.0 0.0 -100.0
4463 0.0 0.0 -100.0
4470 0.0 0.0 -100.0
1835 0.0 0.0 -100.0
2686 0.0 0.0 -100.0
2685 0.0 0.0 -100.0
3247 0.0 0.0 -100.0
3251 0.0 0.0 -100.0
3580 0.0 0.0 -100.0
2125 0.0 0.0 -100.0
3619 0.0 0.0 -100.0
2319 0.0 0.0 -100.0
2318 0.0 0.0 -100.0
3781 0.0 0.0 -100.0
5001 0.0 0.0 -100.0
5002 0.0 0.0 -100.0
2679 0.0 0.0 -100.0
4472 0.0 0.0 -100.0
1541 0.0 0.0 -100.0
3417 0.0 0.0 -100.0
2156 0.0 0.0 -100.0
1670 0.0 0.0 -100.0
470 0.0 0.0 -100.0
472 0.0 0.0 -100.0
3245 0.0 0.0 -100.0
3242 0.0 0.0 -100.0
3241 0.0 0.0 -100.0
5115 0.0 0.0 -100.0
2 0.0 0.0 -100.0
5010 0.0 0.0 -100.0
5018 0.0 0.0 -100.0
4676 0.0 0.0 -100.0
4178 0.0 0.0 -100.0
4674 0.0 0.0 -100.0
3269 0.0 0.0 -100.0
3263 0.0 0.0 -100.0
3267 0.0 0.0 -100.0
4074 0.0 0.0 -100.0
4903 0.0 0.0 -100.0
4469 0.0 0.0 -100.0
3436 0.0 0.0 -100.0
3438 0.0 0.0 -100.0
4162 0.0 0.0 -100.0
4350 0.0 0.0 -100.0
2901 0.0 0.0 -100.0
2484 0.0 0.0 -100.0
1839 0.0 0.0 -100.0
1532 0.0 0.0 -100.0
1506 0.0 0.0 -100.0
2862 0.0 0.0 -100.0
3412 0.0 0.0 -100.0
4336 0.0 0.0 -100.0
4474 0.0 0.0 -100.0
3261 0.0 0.0 -100.0
2882 0.0 0.0 -100.0
2881 0.0 0.0 -100.0
2159 0.0 0.0 -100.0
4063 0.0 0.0 -100.0
5073 0.0 0.0 -100.0
4700 0.0 0.0 -100.0
5133 0.0 0.0 -100.0
2001 0.0 0.0 -100.0
3070 0.0 0.0 -100.0
3072 0.0 0.0 -100.0
4901 0.0 0.0 -100.0
4757 0.0 0.0 -100.0
4821 0.0 0.0 -100.0
4820 0.0 0.0 -100.0
4688 0.0 0.0 -100.0
4158 0.0 0.0 -100.0
4582 0.0 0.0 -100.0
1981 0.0 0.0 -100.0
1983 0.0 0.0 -100.0
1991 0.0 0.0 -100.0
1352 0.0 0.0 -100.0
1353 0.0 0.0 -100.0
4078 0.0 0.0 -100.0
3927 0.0 0.0 -100.0
2900 0.0 0.0 -100.0
2891 0.0 0.0 -100.0
2898 0.0 0.0 -100.0
4974 0.0 0.0 -100.0
5016 0.0 0.0 -100.0
5126 0.0 0.0 -100.0
5000 0.0 0.0 -100.0
2503 0.0 0.0 -100.0
2501 0.0 0.0 -100.0
2500 0.0 0.0 -100.0
5004 0.0 0.0 -100.0
3622 0.0 0.0 -100.0
3623 0.0 0.0 -100.0
4542 0.0 0.0 -100.0
4541 0.0 0.0 -100.0
4579 0.0 0.0 -100.0
5013 0.0 0.0 -100.0
4185 0.0 0.0 -100.0
4184 0.0 0.0 -100.0
4587 0.0 0.0 -100.0
2474 0.0 0.0 -100.0
1831 0.0 0.0 -100.0
1548 0.0 0.0 -100.0
2463 0.0 0.0 -100.0
3590 0.0 0.0 -100.0
4477 0.0 0.0 -100.0
4990 0.0 0.0 -100.0
4746 0.0 0.0 -100.0
3609 0.0 0.0 -100.0
3607 0.0 0.0 -100.0
3603 0.0 0.0 -100.0
4358 0.0 0.0 -100.0
4749 0.0 0.0 -100.0
3799 0.0 0.0 -100.0
4826 0.0 0.0 -100.0
4680 0.0 0.0 -100.0
4459 0.0 0.0 -100.0
4073 0.0 0.0 -100.0
3919 0.0 0.0 -100.0
2003 0.0 0.0 -100.0
3931 0.0 0.0 -100.0
2877 0.0 0.0 -100.0
2878 0.0 0.0 -100.0
154 0.0 0.0 -100.0
2876 0.0 0.0 -100.0
1980 0.0 0.0 -100.0
1968 0.0 0.0 -100.0
1969 0.0 0.0 -100.0
2164 0.0 0.0 -100.0
478 0.0 0.0 -100.0
4480 0.0 0.0 -100.0
4484 0.0 0.0 -100.0
3937 0.0 0.0 -100.0
4966 0.0 0.0 -100.0
4897 0.0 0.0 -100.0
4177 0.0 0.0 -100.0
5014 0.0 0.0 -100.0
4889 0.0 0.0 -100.0
2495 0.0 0.0 -100.0
3601 0.0 0.0 -100.0
3574 0.0 0.0 -100.0
4693 0.0 0.0 -100.0
1496 0.0 0.0 -100.0
4962 0.0 0.0 -100.0
4342 0.0 0.0 -100.0
3065 0.0 0.0 -100.0
3397 0.0 0.0 -100.0
2311 0.0 0.0 -100.0
600 0.0 0.0 -100.0
2481 0.0 0.0 -100.0
3805 0.0 0.0 -100.0
2889 0.0 0.0 -100.0
1186 0.0 0.0 -100.0
953 0.0 0.0 -100.0
373 0.0 0.0 -100.0
369 0.0 0.0 -100.0
2426 0.0 0.0 -100.0
4578 0.0 0.0 -100.0
4344 0.0 0.0 -100.0
382 0.0 0.0 -100.0
1504 0.0 0.0 -100.0
3216 0.0 0.0 -100.0
3579 0.0 0.0 -100.0
3952 0.0 0.0 -100.0
4588 0.0 0.0 -100.0
3941 0.0 0.0 -100.0
1967 0.0 0.0 -100.0
4176 0.0 0.0 -100.0
4890 0.0 0.0 -100.0
4163 0.0 0.0 -100.0
3427 0.0 0.0 -100.0
4173 0.0 0.0 -100.0
3431 0.0 0.0 -100.0
272 0.0 0.0 -100.0
297 0.0 0.0 -100.0
1211 0.0 0.0 -100.0
299 0.0 0.0 -100.0
3059 0.0 0.0 -100.0
1544 0.0 0.0 -100.0
2668 0.0 0.0 -100.0
2467 0.0 0.0 -100.0
2669 0.0 0.0 -100.0
2471 0.0 0.0 -100.0
2460 0.0 0.0 -100.0
3614 0.0 0.0 -100.0
3766 0.0 0.0 -100.0
4071 0.0 0.0 -100.0
4056 0.0 0.0 -100.0
719 0.0 0.0 -100.0
4691 0.0 0.0 -100.0
2861 0.0 0.0 -100.0
4171 0.0 0.0 -100.0
1833 0.0 0.0 -100.0
1837 0.0 0.0 -100.0
3571 0.0 0.0 -100.0
2684 0.0 0.0 -100.0
2843 0.0 0.0 -100.0
3222 0.0 0.0 -100.0
2851 0.0 0.0 -100.0
3254 0.0 0.0 -100.0
3220 0.0 0.0 -100.0
2490 0.0 0.0 -100.0
3906 0.0 0.0 -100.0
1534 0.0 0.0 -100.0
69 0.0 0.0 -100.0
3420 0.0 0.0 -100.0
954 0.0 0.0 -100.0
3774 0.0 0.0 -100.0
3244 0.0 0.0 -100.0
3227 0.0 0.0 -100.0
0 0.0 0.0 -100.0
1 0.0 0.0 -100.0
3014 0.0 0.0 -100.0
4031 0.0 0.0 -100.0
62 0.0 0.0 -100.0
3240 0.0 0.0 -100.0
468 0.0 0.0 -100.0
64 0.0 0.0 -100.0
1671 0.0 0.0 -100.0
3268 0.0 0.0 -100.0
47 0.0 0.0 -100.0
3265 0.0 0.0 -100.0
1540 0.0 0.0 -100.0
869 0.0 0.0 -100.0
2675 0.0 0.0 -100.0
872 0.0 0.0 -100.0
56 0.0 0.0 -100.0
4075 0.0 0.0 -100.0
53 0.0 0.0 -100.0
3434 0.0 0.0 -100.0
3779 0.0 0.0 -100.0
4092 0.0 0.0 -100.0
375 0.0 0.0 -100.0
2320 0.0 0.0 -100.0
376 0.0 0.0 -100.0
3423 0.0 0.0 -100.0
4349 0.0 0.0 -100.0
2487 0.0 0.0 -100.0
1996 0.0 0.0 -100.0
2124 0.0 0.0 -100.0
1823 0.0 0.0 -100.0
1531 0.0 0.0 -100.0
1820 0.0 0.0 -100.0
2865 0.0 0.0 -100.0
2126 0.0 0.0 -100.0
2984 0.0 0.0 -100.0
4337 0.0 0.0 -100.0
3942 0.0 0.0 -100.0
3259 0.0 0.0 -100.0
2883 0.0 0.0 -100.0
2158 0.0 0.0 -100.0
2162 0.0 0.0 -100.0
4157 0.0 0.0 -100.0
2119 0.0 0.0 -100.0
1988 0.0 0.0 -100.0
1061 0.0 0.0 -100.0
1354 0.0 0.0 -100.0
3924 0.0 0.0 -100.0
2899 0.0 0.0 -100.0
2897 0.0 0.0 -100.0
3786 0.0 0.0 -100.0
1057 0.0 0.0 -100.0
1982 0.0 0.0 -100.0
4999 0.0 0.0 -100.0
2871 0.0 0.0 -100.0
3424 0.0 0.0 -100.0
4154 0.0 0.0 -100.0
2504 0.0 0.0 -100.0
4822 0.0 0.0 -100.0
2502 0.0 0.0 -100.0
5009 0.0 0.0 -100.0
158 0.0 0.0 -100.0
4896 0.0 0.0 -100.0
1674 0.0 0.0 -100.0
4352 0.0 0.0 -100.0
945 0.0 0.0 -100.0
3068 0.0 0.0 -100.0
944 0.0 0.0 -100.0
1999 0.0 0.0 -100.0
1686 0.0 0.0 -100.0
1684 0.0 0.0 -100.0
674 0.0 0.0 -100.0
3234 0.0 0.0 -100.0
4455 0.0 0.0 -100.0
3589 0.0 0.0 -100.0
4183 0.0 0.0 -100.0
4988 0.0 0.0 -100.0
4701 0.0 0.0 -100.0
451 0.0 0.0 -100.0
459 0.0 0.0 -100.0
948 0.0 0.0 -100.0
1547 0.0 0.0 -100.0
4460 0.0 0.0 -100.0
3073 0.0 0.0 -100.0
3591 0.0 0.0 -100.0
4475 0.0 0.0 -100.0
4747 0.0 0.0 -100.0
4679 0.0 0.0 -100.0
3238 0.0 0.0 -100.0
3235 0.0 0.0 -100.0
3606 0.0 0.0 -100.0
4161 0.0 0.0 -100.0
4054 0.0 0.0 -100.0
3800 0.0 0.0 -100.0
4825 0.0 0.0 -100.0
4457 0.0 0.0 -100.0
4181 0.0 0.0 -100.0
1358 0.0 0.0 -100.0
1357 0.0 0.0 -100.0
2005 0.0 0.0 -100.0
2880 0.0 0.0 -100.0
383 0.0 0.0 -100.0
153 0.0 0.0 -100.0
157 0.0 0.0 -100.0
1977 0.0 0.0 -100.0
1972 0.0 0.0 -100.0
442 0.0 0.0 -100.0
1181 0.0 0.0 -100.0
483 0.0 0.0 -100.0
482 0.0 0.0 -100.0
4481 0.0 0.0 -100.0
4985 0.0 0.0 -100.0
4884 0.0 0.0 -100.0
1182 0.0 0.0 -100.0
2323 0.0 0.0 -100.0
4984 0.0 0.0 -100.0
1975 0.0 0.0 -100.0
682 0.0 0.0 -100.0
136 0.0 0.0 -100.0
278 0.0 0.0 -100.0
384 0.0 0.0 -100.0
3928 0.0 0.0 -100.0
1359 0.0 0.0 -100.0
287 0.0 0.0 -100.0
289 0.0 0.0 -100.0
291 0.0 0.0 -100.0
4683 0.0 0.0 -100.0
4905 0.0 0.0 -100.0
3404 0.0 0.0 -100.0
2444 0.0 0.0 -100.0
1952 0.0 0.0 -100.0
2657 0.0 0.0 -100.0
2837 0.0 0.0 -100.0
3296 0.0 0.0 -100.0
4273 0.0 0.0 -100.0
4274 0.0 0.0 -100.0
4986 0.0 0.0 -100.0
2465 0.0 0.0 -100.0
1824 0.0 0.0 -100.0
887 0.0 0.0 -100.0
460 0.0 0.0 -100.0
453 0.0 0.0 -100.0
3923 0.0 0.0 -100.0
456 0.0 0.0 -100.0
1525 0.0 0.0 -100.0
5039 0.0 0.0 -100.0
3400 0.0 0.0 -100.0
3230 0.0 0.0 -100.0
1687 0.0 0.0 -100.0
3231 0.0 0.0 -100.0
1680 0.0 0.0 -100.0
1976 0.0 0.0 -100.0
943 0.0 0.0 -100.0
3907 0.0 0.0 -100.0
942 0.0 0.0 -100.0
4899 0.0 0.0 -100.0
2462 0.0 0.0 -100.0
4835 0.0 0.0 -100.0
160 0.0 0.0 -100.0
4836 0.0 0.0 -100.0
159 0.0 0.0 -100.0
4740 0.0 0.0 -100.0
3653 0.0 0.0 -100.0
3425 0.0 0.0 -100.0
2868 0.0 0.0 -100.0
4667 0.0 0.0 -100.0
3787 0.0 0.0 -100.0
4665 0.0 0.0 -100.0
4756 0.0 0.0 -100.0
1048 0.0 0.0 -100.0
1052 0.0 0.0 -100.0
1994 0.0 0.0 -100.0
1059 0.0 0.0 -100.0
1986 0.0 0.0 -100.0
2872 0.0 0.0 -100.0
2873 0.0 0.0 -100.0
4684 0.0 0.0 -100.0
1660 0.0 0.0 -100.0
1490 0.0 0.0 -100.0
2617 0.0 0.0 -100.0
2886 0.0 0.0 -100.0
1818 0.0 0.0 -100.0
285 0.0 0.0 -100.0
279 0.0 0.0 -100.0
3586 0.0 0.0 -100.0
2149 0.0 0.0 -100.0
1819 0.0 0.0 -100.0
1841 0.0 0.0 -100.0
2315 0.0 0.0 -100.0
1843 0.0 0.0 -100.0
4753 0.0 0.0 -100.0
1066 0.0 0.0 -100.0
2313 0.0 0.0 -100.0
1070 0.0 0.0 -100.0
3393 0.0 0.0 -100.0
3052 0.0 0.0 -100.0
3078 0.0 0.0 -100.0
3782 0.0 0.0 -100.0
4093 0.0 0.0 -100.0
54 0.0 0.0 -100.0
4153 0.0 0.0 -100.0
49 0.0 0.0 -100.0
874 0.0 0.0 -100.0
1163 0.0 0.0 -100.0
873 0.0 0.0 -100.0
2676 0.0 0.0 -100.0
143 0.0 0.0 -100.0
1039 0.0 0.0 -100.0
5021 0.0 0.0 -100.0
3918 0.0 0.0 -100.0
2440 0.0 0.0 -100.0
1369 0.0 0.0 -100.0
2145 0.0 0.0 -100.0
3773 0.0 0.0 -100.0
2133 0.0 0.0 -100.0
2155 0.0 0.0 -100.0
3772 0.0 0.0 -100.0
48 0.0 0.0 -100.0
1527 0.0 0.0 -100.0
67 0.0 0.0 -100.0
43 0.0 0.0 -100.0
1537 0.0 0.0 -100.0
4892 0.0 0.0 -100.0
3030 0.0 0.0 -100.0
3031 0.0 0.0 -100.0
3582 0.0 0.0 -100.0
2847 0.0 0.0 -100.0
3569 0.0 0.0 -100.0
2844 0.0 0.0 -100.0
3933 0.0 0.0 -100.0
3567 0.0 0.0 -100.0
1038 0.0 0.0 -100.0
1656 0.0 0.0 -100.0
3570 0.0 0.0 -100.0
1657 0.0 0.0 -100.0
2452 0.0 0.0 -100.0
720 0.0 0.0 -100.0
596 0.0 0.0 -100.0
2454 0.0 0.0 -100.0
679 0.0 0.0 -100.0
4881 0.0 0.0 -100.0
1484 0.0 0.0 -100.0
4882 0.0 0.0 -100.0
1485 0.0 0.0 -100.0
2468 0.0 0.0 -100.0
2672 0.0 0.0 -100.0
2469 0.0 0.0 -100.0
4046 0.0 0.0 -100.0
1665 0.0 0.0 -100.0
3060 0.0 0.0 -100.0
1663 0.0 0.0 -100.0
2866 0.0 0.0 -100.0
1645 0.0 0.0 -100.0
2908 0.0 0.0 -100.0
1643 0.0 0.0 -100.0
4361 0.0 0.0 -100.0
4466 0.0 0.0 -100.0
935 0.0 0.0 -100.0
1959 0.0 0.0 -100.0
929 0.0 0.0 -100.0
3047 0.0 0.0 -100.0
374 0.0 0.0 -100.0
1517 0.0 0.0 -100.0
1518 0.0 0.0 -100.0
2859 0.0 0.0 -100.0
3783 0.0 0.0 -100.0
4340 0.0 0.0 -100.0
3406 0.0 0.0 -100.0
2425 0.0 0.0 -100.0
604 0.0 0.0 -100.0
3394 0.0 0.0 -100.0
2312 0.0 0.0 -100.0
3062 0.0 0.0 -100.0
4346 0.0 0.0 -100.0
3061 0.0 0.0 -100.0
2129 0.0 0.0 -100.0
1168 0.0 0.0 -100.0
1497 0.0 0.0 -100.0
1170 0.0 0.0 -100.0
2458 0.0 0.0 -100.0
936 0.0 0.0 -100.0
3576 0.0 0.0 -100.0
2130 0.0 0.0 -100.0
1963 0.0 0.0 -100.0
2857 0.0 0.0 -100.0
3027 0.0 0.0 -100.0
4333 0.0 0.0 -100.0
1799 0.0 0.0 -100.0
4973 0.0 0.0 -100.0
4510 0.0 0.0 -100.0
1916 0.0 0.0 -100.0
2624 0.0 0.0 -100.0
2854 0.0 0.0 -100.0
3028 0.0 0.0 -100.0
3057 0.0 0.0 -100.0
3573 0.0 0.0 -100.0
1031 0.0 0.0 -100.0
767 0.0 0.0 -100.0
938 0.0 0.0 -100.0
1499 0.0 0.0 -100.0
128 0.0 0.0 -100.0
249 0.0 0.0 -100.0
244 0.0 0.0 -100.0
781 0.0 0.0 -100.0
3396 0.0 0.0 -100.0
2308 0.0 0.0 -100.0
1805 0.0 0.0 -100.0
793 0.0 0.0 -100.0
4329 0.0 0.0 -100.0
814 0.0 0.0 -100.0
813 0.0 0.0 -100.0
170 0.0 0.0 -100.0
172 0.0 0.0 -100.0
1947 0.0 0.0 -100.0
3048 0.0 0.0 -100.0
932 0.0 0.0 -100.0
1964 0.0 0.0 -100.0
1960 0.0 0.0 -100.0
266 0.0 0.0 -100.0
268 0.0 0.0 -100.0
270 0.0 0.0 -100.0
1649 0.0 0.0 -100.0
2638 0.0 0.0 -100.0
1647 0.0 0.0 -100.0
2640 0.0 0.0 -100.0
1327 0.0 0.0 -100.0
4134 0.0 0.0 -100.0
1326 0.0 0.0 -100.0
4444 0.0 0.0 -100.0
3598 0.0 0.0 -100.0
4148 0.0 0.0 -100.0
4319 0.0 0.0 -100.0
1479 0.0 0.0 -100.0
4447 0.0 0.0 -100.0
1480 0.0 0.0 -100.0
4325 0.0 0.0 -100.0
1482 0.0 0.0 -100.0
2455 0.0 0.0 -100.0
673 0.0 0.0 -100.0
672 0.0 0.0 -100.0
1800 0.0 0.0 -100.0
1458 0.0 0.0 -100.0
1801 0.0 0.0 -100.0
1460 0.0 0.0 -100.0
1033 0.0 0.0 -100.0
3544 0.0 0.0 -100.0
1037 0.0 0.0 -100.0
4137 0.0 0.0 -100.0
2928 0.0 0.0 -100.0
2849 0.0 0.0 -100.0
4875 0.0 0.0 -100.0
2930 0.0 0.0 -100.0
3594 0.0 0.0 -100.0
3593 0.0 0.0 -100.0
1538 0.0 0.0 -100.0
2449 0.0 0.0 -100.0
3556 0.0 0.0 -100.0
1528 0.0 0.0 -100.0
1807 0.0 0.0 -100.0
1806 0.0 0.0 -100.0
1811 0.0 0.0 -100.0
2135 0.0 0.0 -100.0
2140 0.0 0.0 -100.0
2143 0.0 0.0 -100.0
3357 0.0 0.0 -100.0
4055 0.0 0.0 -100.0
5118 0.0 0.0 -100.0
147 0.0 0.0 -100.0
4671 0.0 0.0 -100.0
2841 0.0 0.0 -100.0
1046 0.0 0.0 -100.0
1164 0.0 0.0 -100.0
2645 0.0 0.0 -100.0
1167 0.0 0.0 -100.0
4330 0.0 0.0 -100.0
51 0.0 0.0 -100.0
665 0.0 0.0 -100.0
1803 0.0 0.0 -100.0
4141 0.0 0.0 -100.0
2820 0.0 0.0 -100.0
1473 0.0 0.0 -100.0
2823 0.0 0.0 -100.0
2642 0.0 0.0 -100.0
1067 0.0 0.0 -100.0
1068 0.0 0.0 -100.0
132 0.0 0.0 -100.0
1942 0.0 0.0 -100.0
1347 0.0 0.0 -100.0
2598 0.0 0.0 -100.0
2153 0.0 0.0 -100.0
2151 0.0 0.0 -100.0
3588 0.0 0.0 -100.0
4454 0.0 0.0 -100.0
283 0.0 0.0 -100.0
286 0.0 0.0 -100.0
908 0.0 0.0 -100.0
2824 0.0 0.0 -100.0
1486 0.0 0.0 -100.0
1491 0.0 0.0 -100.0
5060 0.0 0.0 -100.0
3761 0.0 0.0 -100.0
4051 0.0 0.0 -100.0
3904 0.0 0.0 -100.0
1049 0.0 0.0 -100.0
798 0.0 0.0 -100.0
1055 0.0 0.0 -100.0
4670 0.0 0.0 -100.0
3212 0.0 0.0 -100.0
3211 0.0 0.0 -100.0
2874 0.0 0.0 -100.0
3762 0.0 0.0 -100.0
3207 0.0 0.0 -100.0
4780 0.0 0.0 -100.0
922 0.0 0.0 -100.0
4779 0.0 0.0 -100.0
920 0.0 0.0 -100.0
586 0.0 0.0 -100.0
918 0.0 0.0 -100.0
584 0.0 0.0 -100.0
939 0.0 0.0 -100.0
1466 0.0 0.0 -100.0
3916 0.0 0.0 -100.0
3909 0.0 0.0 -100.0
881 0.0 0.0 -100.0
3562 0.0 0.0 -100.0
1021 0.0 0.0 -100.0
3045 0.0 0.0 -100.0
3043 0.0 0.0 -100.0
1022 0.0 0.0 -100.0
2665 0.0 0.0 -100.0
1522 0.0 0.0 -100.0
786 0.0 0.0 -100.0
4978 0.0 0.0 -100.0
458 0.0 0.0 -100.0
518 0.0 0.0 -100.0
516 0.0 0.0 -100.0
888 0.0 0.0 -100.0
1828 0.0 0.0 -100.0
4663 0.0 0.0 -100.0
4660 0.0 0.0 -100.0
4275 0.0 0.0 -100.0
3298 0.0 0.0 -100.0
3563 0.0 0.0 -100.0
2658 0.0 0.0 -100.0
1953 0.0 0.0 -100.0
1954 0.0 0.0 -100.0
2831 0.0 0.0 -100.0
2829 0.0 0.0 -100.0
4906 0.0 0.0 -100.0
4450 0.0 0.0 -100.0
292 0.0 0.0 -100.0
466 0.0 0.0 -100.0
467 0.0 0.0 -100.0
4886 0.0 0.0 -100.0
4040 0.0 0.0 -100.0
58 0.0 0.0 -100.0
137 0.0 0.0 -100.0
2815 0.0 0.0 -100.0
696 0.0 0.0 -100.0
697 0.0 0.0 -100.0
2809 0.0 0.0 -100.0
924 0.0 0.0 -100.0
2450 0.0 0.0 -100.0
1178 0.0 0.0 -100.0
3538 0.0 0.0 -100.0
905 0.0 0.0 -100.0
933 0.0 0.0 -100.0
903 0.0 0.0 -100.0
2810 0.0 0.0 -100.0
2811 0.0 0.0 -100.0
1785 0.0 0.0 -100.0
1784 0.0 0.0 -100.0
4038 0.0 0.0 -100.0
2593 0.0 0.0 -100.0
2288 0.0 0.0 -100.0
4887 0.0 0.0 -100.0
2616 0.0 0.0 -100.0
3369 0.0 0.0 -100.0
3370 0.0 0.0 -100.0
3747 0.0 0.0 -100.0
4449 0.0 0.0 -100.0
2835 0.0 0.0 -100.0
3405 0.0 0.0 -100.0
3183 0.0 0.0 -100.0
2659 0.0 0.0 -100.0
2836 0.0 0.0 -100.0
3912 0.0 0.0 -100.0
3504 0.0 0.0 -100.0
3913 0.0 0.0 -100.0
4544 0.0 0.0 -100.0
3758 0.0 0.0 -100.0
759 0.0 0.0 -100.0
2443 0.0 0.0 -100.0
2903 0.0 0.0 -100.0
2664 0.0 0.0 -100.0
4150 0.0 0.0 -100.0
1523 0.0 0.0 -100.0
3388 0.0 0.0 -100.0
4959 0.0 0.0 -100.0
3040 0.0 0.0 -100.0
2097 0.0 0.0 -100.0
4960 0.0 0.0 -100.0
1147 0.0 0.0 -100.0
3365 0.0 0.0 -100.0
4436 0.0 0.0 -100.0
883 0.0 0.0 -100.0
4036 0.0 0.0 -100.0
3915 0.0 0.0 -100.0
588 0.0 0.0 -100.0
2118 0.0 0.0 -100.0
585 0.0 0.0 -100.0
1177 0.0 0.0 -100.0
1931 0.0 0.0 -100.0
1179 0.0 0.0 -100.0
2275 0.0 0.0 -100.0
2302 0.0 0.0 -100.0
4996 0.0 0.0 -100.0
4812 0.0 0.0 -100.0
799 0.0 0.0 -100.0
2827 0.0 0.0 -100.0
2826 0.0 0.0 -100.0
2108 0.0 0.0 -100.0
2628 0.0 0.0 -100.0
4127 0.0 0.0 -100.0
768 0.0 0.0 -100.0
788 0.0 0.0 -100.0
4151 0.0 0.0 -100.0
1488 0.0 0.0 -100.0
3524 0.0 0.0 -100.0
910 0.0 0.0 -100.0
656 0.0 0.0 -100.0
4313 0.0 0.0 -100.0
4562 0.0 0.0 -100.0
4433 0.0 0.0 -100.0
3895 0.0 0.0 -100.0
142 0.0 0.0 -100.0
1349 0.0 0.0 -100.0
134 0.0 0.0 -100.0
133 0.0 0.0 -100.0
1345 0.0 0.0 -100.0
1944 0.0 0.0 -100.0
2818 0.0 0.0 -100.0
1159 0.0 0.0 -100.0
2817 0.0 0.0 -100.0
2821 0.0 0.0 -100.0
1474 0.0 0.0 -100.0
670 0.0 0.0 -100.0
3534 0.0 0.0 -100.0
669 0.0 0.0 -100.0
3034 0.0 0.0 -100.0
4331 0.0 0.0 -100.0
2633 0.0 0.0 -100.0
1937 0.0 0.0 -100.0
3536 0.0 0.0 -100.0
3900 0.0 0.0 -100.0
2438 0.0 0.0 -100.0
2147 0.0 0.0 -100.0
2139 0.0 0.0 -100.0
3555 0.0 0.0 -100.0
1808 0.0 0.0 -100.0
3553 0.0 0.0 -100.0
4690 0.0 0.0 -100.0
3721 0.0 0.0 -100.0
777 0.0 0.0 -100.0
904 0.0 0.0 -100.0
3729 0.0 0.0 -100.0
4877 0.0 0.0 -100.0
4559 0.0 0.0 -100.0
3050 0.0 0.0 -100.0
1437 0.0 0.0 -100.0
4138 0.0 0.0 -100.0
3051 0.0 0.0 -100.0
1036 0.0 0.0 -100.0
1461 0.0 0.0 -100.0
1320 0.0 0.0 -100.0
1452 0.0 0.0 -100.0
1324 0.0 0.0 -100.0
756 0.0 0.0 -100.0
255 0.0 0.0 -100.0
1795 0.0 0.0 -100.0
773 0.0 0.0 -100.0
4326 0.0 0.0 -100.0
1341 0.0 0.0 -100.0
4327 0.0 0.0 -100.0
752 0.0 0.0 -100.0
5055 0.0 0.0 -100.0
1501 0.0 0.0 -100.0
4317 0.0 0.0 -100.0
3385 0.0 0.0 -100.0
4145 0.0 0.0 -100.0
3736 0.0 0.0 -100.0
1636 0.0 0.0 -100.0
3738 0.0 0.0 -100.0
1639 0.0 0.0 -100.0
4135 0.0 0.0 -100.0
1638 0.0 0.0 -100.0
664 0.0 0.0 -100.0
663 0.0 0.0 -100.0
267 0.0 0.0 -100.0
4321 0.0 0.0 -100.0
171 0.0 0.0 -100.0
2648 0.0 0.0 -100.0
3410 0.0 0.0 -100.0
3109 0.0 0.0 -100.0
2806 0.0 0.0 -100.0
2805 0.0 0.0 -100.0
891 0.0 0.0 -100.0
1133 0.0 0.0 -100.0
1135 0.0 0.0 -100.0
782 0.0 0.0 -100.0
246 0.0 0.0 -100.0
129 0.0 0.0 -100.0
20 0.0 0.0 -100.0
30 0.0 0.0 -100.0
259 0.0 0.0 -100.0
764 0.0 0.0 -100.0
3022 0.0 0.0 -100.0
4312 0.0 0.0 -100.0
3194 0.0 0.0 -100.0
4443 0.0 0.0 -100.0
2437 0.0 0.0 -100.0
2625 0.0 0.0 -100.0
2435 0.0 0.0 -100.0
2411 0.0 0.0 -100.0
2104 0.0 0.0 -100.0
2103 0.0 0.0 -100.0
3196 0.0 0.0 -100.0
3733 0.0 0.0 -100.0
1028 0.0 0.0 -100.0
261 0.0 0.0 -100.0
263 0.0 0.0 -100.0
21 0.0 0.0 -100.0
19 0.0 0.0 -100.0
250 0.0 0.0 -100.0
4045 0.0 0.0 -100.0
1631 0.0 0.0 -100.0
746 0.0 0.0 -100.0
356 0.0 0.0 -100.0
889 0.0 0.0 -100.0
2808 0.0 0.0 -100.0
3110 0.0 0.0 -100.0
3108 0.0 0.0 -100.0
4307 0.0 0.0 -100.0
4308 0.0 0.0 -100.0
3049 0.0 0.0 -100.0
4117 0.0 0.0 -100.0
4119 0.0 0.0 -100.0
4309 0.0 0.0 -100.0
4442 0.0 0.0 -100.0
2409 0.0 0.0 -100.0
5054 0.0 0.0 -100.0
1640 0.0 0.0 -100.0
4120 0.0 0.0 -100.0
3205 0.0 0.0 -100.0
3737 0.0 0.0 -100.0
1128 0.0 0.0 -100.0
3178 0.0 0.0 -100.0
1124 0.0 0.0 -100.0
1502 0.0 0.0 -100.0
5119 0.0 0.0 -100.0
1336 0.0 0.0 -100.0
4545 0.0 0.0 -100.0
753 0.0 0.0 -100.0
4643 0.0 0.0 -100.0
1342 0.0 0.0 -100.0
4263 0.0 0.0 -100.0
776 0.0 0.0 -100.0
762 0.0 0.0 -100.0
1325 0.0 0.0 -100.0
763 0.0 0.0 -100.0
1322 0.0 0.0 -100.0
1453 0.0 0.0 -100.0
236 0.0 0.0 -100.0
3529 0.0 0.0 -100.0
240 0.0 0.0 -100.0
1432 0.0 0.0 -100.0
3181 0.0 0.0 -100.0
4560 0.0 0.0 -100.0
4557 0.0 0.0 -100.0
1469 0.0 0.0 -100.0
901 0.0 0.0 -100.0
900 0.0 0.0 -100.0
3726 0.0 0.0 -100.0
3699 0.0 0.0 -100.0
4555 0.0 0.0 -100.0
4549 0.0 0.0 -100.0
4834 0.0 0.0 -100.0
4440 0.0 0.0 -100.0
4130 0.0 0.0 -100.0
3898 0.0 0.0 -100.0
3896 0.0 0.0 -100.0
3542 0.0 0.0 -100.0
3537 0.0 0.0 -100.0
1941 0.0 0.0 -100.0
1451 0.0 0.0 -100.0
1450 0.0 0.0 -100.0
3539 0.0 0.0 -100.0
3038 0.0 0.0 -100.0
3552 0.0 0.0 -100.0
1478 0.0 0.0 -100.0
4143 0.0 0.0 -100.0
4144 0.0 0.0 -100.0
1476 0.0 0.0 -100.0
2587 0.0 0.0 -100.0
4654 0.0 0.0 -100.0
3763 0.0 0.0 -100.0
1136 0.0 0.0 -100.0
1143 0.0 0.0 -100.0
3401 0.0 0.0 -100.0
4653 0.0 0.0 -100.0
2601 0.0 0.0 -100.0
2599 0.0 0.0 -100.0
1623 0.0 0.0 -100.0
2295 0.0 0.0 -100.0
3360 0.0 0.0 -100.0
3525 0.0 0.0 -100.0
657 0.0 0.0 -100.0
913 0.0 0.0 -100.0
4146 0.0 0.0 -100.0
4650 0.0 0.0 -100.0
5096 0.0 0.0 -100.0
646 0.0 0.0 -100.0
2629 0.0 0.0 -100.0
2115 0.0 0.0 -100.0
1786 0.0 0.0 -100.0
3200 0.0 0.0 -100.0
3203 0.0 0.0 -100.0
4976 0.0 0.0 -100.0
4997 0.0 0.0 -100.0
1634 0.0 0.0 -100.0
2303 0.0 0.0 -100.0
645 0.0 0.0 -100.0
2276 0.0 0.0 -100.0
3754 0.0 0.0 -100.0
2620 0.0 0.0 -100.0
4568 0.0 0.0 -100.0
2623 0.0 0.0 -100.0
3752 0.0 0.0 -100.0
3380 0.0 0.0 -100.0
4332 0.0 0.0 -100.0
4125 0.0 0.0 -100.0
2091 0.0 0.0 -100.0
1148 0.0 0.0 -100.0
4573 0.0 0.0 -100.0
1149 0.0 0.0 -100.0
2098 0.0 0.0 -100.0
4954 0.0 0.0 -100.0
3386 0.0 0.0 -100.0
3711 0.0 0.0 -100.0
790 0.0 0.0 -100.0
4950 0.0 0.0 -100.0
34 0.0 0.0 -100.0
3354 0.0 0.0 -100.0
4029 0.0 0.0 -100.0
760 0.0 0.0 -100.0
2441 0.0 0.0 -100.0
4316 0.0 0.0 -100.0
3549 0.0 0.0 -100.0
446 0.0 0.0 -100.0
897 0.0 0.0 -100.0
3508 0.0 0.0 -100.0
2793 0.0 0.0 -100.0
2796 0.0 0.0 -100.0
3188 0.0 0.0 -100.0
3893 0.0 0.0 -100.0
3350 0.0 0.0 -100.0
4315 0.0 0.0 -100.0
3745 0.0 0.0 -100.0
3373 0.0 0.0 -100.0
2615 0.0 0.0 -100.0
2612 0.0 0.0 -100.0
2281 0.0 0.0 -100.0
2287 0.0 0.0 -100.0
2595 0.0 0.0 -100.0
4863 0.0 0.0 -100.0
1780 0.0 0.0 -100.0
653 0.0 0.0 -100.0
648 0.0 0.0 -100.0
650 0.0 0.0 -100.0
1652 0.0 0.0 -100.0
3546 0.0 0.0 -100.0
649 0.0 0.0 -100.0
4304 0.0 0.0 -100.0
655 0.0 0.0 -100.0
1310 0.0 0.0 -100.0
1307 0.0 0.0 -100.0
124 0.0 0.0 -100.0
2591 0.0 0.0 -100.0
2282 0.0 0.0 -100.0
2401 0.0 0.0 -100.0
2404 0.0 0.0 -100.0
3366 0.0 0.0 -100.0
3746 0.0 0.0 -100.0
2419 0.0 0.0 -100.0
2422 0.0 0.0 -100.0
2090 0.0 0.0 -100.0
3710 0.0 0.0 -100.0
3175 0.0 0.0 -100.0
2789 0.0 0.0 -100.0
3177 0.0 0.0 -100.0
898 0.0 0.0 -100.0
449 0.0 0.0 -100.0
364 0.0 0.0 -100.0
4900 0.0 0.0 -100.0
1318 0.0 0.0 -100.0
351 0.0 0.0 -100.0
2783 0.0 0.0 -100.0
1763 0.0 0.0 -100.0
1761 0.0 0.0 -100.0
1612 0.0 0.0 -100.0
36 0.0 0.0 -100.0
226 0.0 0.0 -100.0
4951 0.0 0.0 -100.0
3390 0.0 0.0 -100.0
2800 0.0 0.0 -100.0
5122 0.0 0.0 -100.0
1151 0.0 0.0 -100.0
1155 0.0 0.0 -100.0
4840 0.0 0.0 -100.0
3735 0.0 0.0 -100.0
4126 0.0 0.0 -100.0
4565 0.0 0.0 -100.0
3377 0.0 0.0 -100.0
1654 0.0 0.0 -100.0
2621 0.0 0.0 -100.0
2277 0.0 0.0 -100.0
2267 0.0 0.0 -100.0
2306 0.0 0.0 -100.0
1794 0.0 0.0 -100.0
1788 0.0 0.0 -100.0
1787 0.0 0.0 -100.0
3884 0.0 0.0 -100.0
4652 0.0 0.0 -100.0
641 0.0 0.0 -100.0
893 0.0 0.0 -100.0
4112 0.0 0.0 -100.0
5048 0.0 0.0 -100.0
4648 0.0 0.0 -100.0
4124 0.0 0.0 -100.0
1619 0.0 0.0 -100.0
2261 0.0 0.0 -100.0
3343 0.0 0.0 -100.0
3364 0.0 0.0 -100.0
1624 0.0 0.0 -100.0
1628 0.0 0.0 -100.0
4128 0.0 0.0 -100.0
1921 0.0 0.0 -100.0
2602 0.0 0.0 -100.0
1137 0.0 0.0 -100.0
1929 0.0 0.0 -100.0
1014 0.0 0.0 -100.0
2583 0.0 0.0 -100.0
3164 0.0 0.0 -100.0
2584 0.0 0.0 -100.0
3705 0.0 0.0 -100.0
2405 0.0 0.0 -100.0
4431 0.0 0.0 -100.0
2408 0.0 0.0 -100.0
2429 0.0 0.0 -100.0
1445 0.0 0.0 -100.0
1940 0.0 0.0 -100.0
4131 0.0 0.0 -100.0
3509 0.0 0.0 -100.0
4805 0.0 0.0 -100.0
4721 0.0 0.0 -100.0
4552 0.0 0.0 -100.0
3001 0.0 0.0 -100.0
3700 0.0 0.0 -100.0
3768 0.0 0.0 -100.0
3724 0.0 0.0 -100.0
2580 0.0 0.0 -100.0
3727 0.0 0.0 -100.0
1470 0.0 0.0 -100.0
1436 0.0 0.0 -100.0
2397 0.0 0.0 -100.0
3527 0.0 0.0 -100.0
237 0.0 0.0 -100.0
4428 0.0 0.0 -100.0
3530 0.0 0.0 -100.0
4430 0.0 0.0 -100.0
4572 0.0 0.0 -100.0
1777 0.0 0.0 -100.0
1778 0.0 0.0 -100.0
4571 0.0 0.0 -100.0
1503 0.0 0.0 -100.0
3514 0.0 0.0 -100.0
1339 0.0 0.0 -100.0
4547 0.0 0.0 -100.0
1334 0.0 0.0 -100.0
3345 0.0 0.0 -100.0
1934 0.0 0.0 -100.0
4849 0.0 0.0 -100.0
2996 0.0 0.0 -100.0
15 0.0 0.0 -100.0
1615 0.0 0.0 -100.0
14 0.0 0.0 -100.0
3742 0.0 0.0 -100.0
3206 0.0 0.0 -100.0
2297 0.0 0.0 -100.0
3006 0.0 0.0 -100.0
4311 0.0 0.0 -100.0
2567 0.0 0.0 -100.0
2609 0.0 0.0 -100.0
4918 0.0 0.0 -100.0
4646 0.0 0.0 -100.0
2596 0.0 0.0 -100.0
363 0.0 0.0 -100.0
358 0.0 0.0 -100.0
748 0.0 0.0 -100.0
4024 0.0 0.0 -100.0
4548 0.0 0.0 -100.0
252 0.0 0.0 -100.0
26 0.0 0.0 -100.0
32 0.0 0.0 -100.0
4539 0.0 0.0 -100.0
3730 0.0 0.0 -100.0
3734 0.0 0.0 -100.0
3520 0.0 0.0 -100.0
3521 0.0 0.0 -100.0
3190 0.0 0.0 -100.0
1289 0.0 0.0 -100.0
2410 0.0 0.0 -100.0
2106 0.0 0.0 -100.0
3012 0.0 0.0 -100.0
1290 0.0 0.0 -100.0
1291 0.0 0.0 -100.0
3517 0.0 0.0 -100.0
3891 0.0 0.0 -100.0
4106 0.0 0.0 -100.0
3151 0.0 0.0 -100.0
3150 0.0 0.0 -100.0
27 0.0 0.0 -100.0
28 0.0 0.0 -100.0
503 0.0 0.0 -100.0
4538 0.0 0.0 -100.0
1630 0.0 0.0 -100.0
750 0.0 0.0 -100.0
360 0.0 0.0 -100.0
2582 0.0 0.0 -100.0
4425 0.0 0.0 -100.0
3516 0.0 0.0 -100.0
2604 0.0 0.0 -100.0
2608 0.0 0.0 -100.0
2568 0.0 0.0 -100.0
2244 0.0 0.0 -100.0
3008 0.0 0.0 -100.0
3880 0.0 0.0 -100.0
3007 0.0 0.0 -100.0
3743 0.0 0.0 -100.0
1129 0.0 0.0 -100.0
1617 0.0 0.0 -100.0
16 0.0 0.0 -100.0
3741 0.0 0.0 -100.0
1127 0.0 0.0 -100.0
2251 0.0 0.0 -100.0
3020 0.0 0.0 -100.0
2994 0.0 0.0 -100.0
3349 0.0 0.0 -100.0
3703 0.0 0.0 -100.0
4955 0.0 0.0 -100.0
4427 0.0 0.0 -100.0
2386 0.0 0.0 -100.0
3869 0.0 0.0 -100.0
3870 0.0 0.0 -100.0
1419 0.0 0.0 -100.0
3876 0.0 0.0 -100.0
1420 0.0 0.0 -100.0
4638 0.0 0.0 -100.0
2395 0.0 0.0 -100.0
3532 0.0 0.0 -100.0
2391 0.0 0.0 -100.0
4286 0.0 0.0 -100.0
3531 0.0 0.0 -100.0
3337 0.0 0.0 -100.0
2575 0.0 0.0 -100.0
1313 0.0 0.0 -100.0
4837 0.0 0.0 -100.0
4418 0.0 0.0 -100.0
2974 0.0 0.0 -100.0
3002 0.0 0.0 -100.0
4021 0.0 0.0 -100.0
4724 0.0 0.0 -100.0
2317 0.0 0.0 -100.0
462 0.0 0.0 -100.0
4432 0.0 0.0 -100.0
4786 0.0 0.0 -100.0
2428 0.0 0.0 -100.0
2430 0.0 0.0 -100.0
2427 0.0 0.0 -100.0
2406 0.0 0.0 -100.0
3510 0.0 0.0 -100.0
3709 0.0 0.0 -100.0
1890 0.0 0.0 -100.0
2585 0.0 0.0 -100.0
1015 0.0 0.0 -100.0
4783 0.0 0.0 -100.0
1930 0.0 0.0 -100.0
1140 0.0 0.0 -100.0
1917 0.0 0.0 -100.0
1924 0.0 0.0 -100.0
2569 0.0 0.0 -100.0
5105 0.0 0.0 -100.0
4027 0.0 0.0 -100.0
2291 0.0 0.0 -100.0
3340 0.0 0.0 -100.0
2255 0.0 0.0 -100.0
1621 0.0 0.0 -100.0
1298 0.0 0.0 -100.0
1909 0.0 0.0 -100.0
3494 0.0 0.0 -100.0
4111 0.0 0.0 -100.0
3005 0.0 0.0 -100.0
3169 0.0 0.0 -100.0
3882 0.0 0.0 -100.0
1793 0.0 0.0 -100.0
1790 0.0 0.0 -100.0
1653 0.0 0.0 -100.0
896 0.0 0.0 -100.0
3170 0.0 0.0 -100.0
643 0.0 0.0 -100.0
2280 0.0 0.0 -100.0
235 0.0 0.0 -100.0
231 0.0 0.0 -100.0
3715 0.0 0.0 -100.0
1293 0.0 0.0 -100.0
4844 0.0 0.0 -100.0
4022 0.0 0.0 -100.0
2094 0.0 0.0 -100.0
2095 0.0 0.0 -100.0
4839 0.0 0.0 -100.0
1152 0.0 0.0 -100.0
2801 0.0 0.0 -100.0
348 0.0 0.0 -100.0
4015 0.0 0.0 -100.0
220 0.0 0.0 -100.0
1611 0.0 0.0 -100.0
1009 0.0 0.0 -100.0
1144 0.0 0.0 -100.0
1758 0.0 0.0 -100.0
1773 0.0 0.0 -100.0
4028 0.0 0.0 -100.0
352 0.0 0.0 -100.0
4014 0.0 0.0 -100.0
365 0.0 0.0 -100.0
366 0.0 0.0 -100.0
3501 0.0 0.0 -100.0
3502 0.0 0.0 -100.0
2790 0.0 0.0 -100.0
2791 0.0 0.0 -100.0
3186 0.0 0.0 -100.0
2087 0.0 0.0 -100.0
1906 0.0 0.0 -100.0
2417 0.0 0.0 -100.0
1755 0.0 0.0 -100.0
1757 0.0 0.0 -100.0
1775 0.0 0.0 -100.0
1774 0.0 0.0 -100.0
2619 0.0 0.0 -100.0
1428 0.0 0.0 -100.0
121 0.0 0.0 -100.0
120 0.0 0.0 -100.0
1308 0.0 0.0 -100.0
1024 0.0 0.0 -100.0
3962 0.0 0.0 -100.0
916 0.0 0.0 -100.0
3500 0.0 0.0 -100.0
2952 0.0 0.0 -100.0
3172 0.0 0.0 -100.0
122 0.0 0.0 -100.0
876 0.0 0.0 -100.0
2787 0.0 0.0 -100.0
2786 0.0 0.0 -100.0
1266 0.0 0.0 -100.0
3698 0.0 0.0 -100.0
337 0.0 0.0 -100.0
573 0.0 0.0 -100.0
1908 0.0 0.0 -100.0
1903 0.0 0.0 -100.0
4296 0.0 0.0 -100.0
4298 0.0 0.0 -100.0
2972 0.0 0.0 -100.0
3879 0.0 0.0 -100.0
2514 0.0 0.0 -100.0
1925 0.0 0.0 -100.0
5123 0.0 0.0 -100.0
2086 0.0 0.0 -100.0
638 0.0 0.0 -100.0
639 0.0 0.0 -100.0
2780 0.0 0.0 -100.0
1765 0.0 0.0 -100.0
1759 0.0 0.0 -100.0
1010 0.0 0.0 -100.0
1146 0.0 0.0 -100.0
2241 0.0 0.0 -100.0
344 0.0 0.0 -100.0
4290 0.0 0.0 -100.0
3849 0.0 0.0 -100.0
349 0.0 0.0 -100.0
3850 0.0 0.0 -100.0
4817 0.0 0.0 -100.0
3951 0.0 0.0 -100.0
4806 0.0 0.0 -100.0
3712 0.0 0.0 -100.0
1294 0.0 0.0 -100.0
232 0.0 0.0 -100.0
3013 0.0 0.0 -100.0
2263 0.0 0.0 -100.0
2966 0.0 0.0 -100.0
2364 0.0 0.0 -100.0
2365 0.0 0.0 -100.0
3167 0.0 0.0 -100.0
4004 0.0 0.0 -100.0
4527 0.0 0.0 -100.0
2771 0.0 0.0 -100.0
3498 0.0 0.0 -100.0
4110 0.0 0.0 -100.0
1300 0.0 0.0 -100.0
1299 0.0 0.0 -100.0
2256 0.0 0.0 -100.0
2260 0.0 0.0 -100.0
3342 0.0 0.0 -100.0
4288 0.0 0.0 -100.0
2269 0.0 0.0 -100.0
2571 0.0 0.0 -100.0
1918 0.0 0.0 -100.0
2570 0.0 0.0 -100.0
2838 0.0 0.0 -100.0
2798 0.0 0.0 -100.0
1018 0.0 0.0 -100.0
3487 0.0 0.0 -100.0
2986 0.0 0.0 -100.0
4928 0.0 0.0 -100.0
1891 0.0 0.0 -100.0
3680 0.0 0.0 -100.0
3693 0.0 0.0 -100.0
3854 0.0 0.0 -100.0
4417 0.0 0.0 -100.0
914 0.0 0.0 -100.0
3121 0.0 0.0 -100.0
3862 0.0 0.0 -100.0
2975 0.0 0.0 -100.0
2999 0.0 0.0 -100.0
5030 0.0 0.0 -100.0
5031 0.0 0.0 -100.0
1912 0.0 0.0 -100.0
2990 0.0 0.0 -100.0
3359 0.0 0.0 -100.0
2393 0.0 0.0 -100.0
2392 0.0 0.0 -100.0
3482 0.0 0.0 -100.0
434 0.0 0.0 -100.0
3483 0.0 0.0 -100.0
1421 0.0 0.0 -100.0
3875 0.0 0.0 -100.0
3866 0.0 0.0 -100.0
1426 0.0 0.0 -100.0
4802 0.0 0.0 -100.0
3513 0.0 0.0 -100.0
3846 0.0 0.0 -100.0
4419 0.0 0.0 -100.0
4800 0.0 0.0 -100.0
4411 0.0 0.0 -100.0
2991 0.0 0.0 -100.0
3018 0.0 0.0 -100.0
3335 0.0 0.0 -100.0
3017 0.0 0.0 -100.0
2563 0.0 0.0 -100.0
1132 0.0 0.0 -100.0
2953 0.0 0.0 -100.0
3148 0.0 0.0 -100.0
3147 0.0 0.0 -100.0
2249 0.0 0.0 -100.0
2958 0.0 0.0 -100.0
4426 0.0 0.0 -100.0
5072 0.0 0.0 -100.0
4533 0.0 0.0 -100.0
4535 0.0 0.0 -100.0
4537 0.0 0.0 -100.0
5047 0.0 0.0 -100.0
3161 0.0 0.0 -100.0
2390 0.0 0.0 -100.0
2387 0.0 0.0 -100.0
3152 0.0 0.0 -100.0
4303 0.0 0.0 -100.0
4108 0.0 0.0 -100.0
1004 0.0 0.0 -100.0
2245 0.0 0.0 -100.0
3522 0.0 0.0 -100.0
4293 0.0 0.0 -100.0
743 0.0 0.0 -100.0
1284 0.0 0.0 -100.0
739 0.0 0.0 -100.0
741 0.0 0.0 -100.0
4636 0.0 0.0 -100.0
1006 0.0 0.0 -100.0
1000 0.0 0.0 -100.0
566 0.0 0.0 -100.0
3156 0.0 0.0 -100.0
2227 0.0 0.0 -100.0
2388 0.0 0.0 -100.0
2777 0.0 0.0 -100.0
3159 0.0 0.0 -100.0
4406 0.0 0.0 -100.0
4798 0.0 0.0 -100.0
4847 0.0 0.0 -100.0
4829 0.0 0.0 -100.0
4828 0.0 0.0 -100.0
3694 0.0 0.0 -100.0
2954 0.0 0.0 -100.0
736 0.0 0.0 -100.0
2248 0.0 0.0 -100.0
1251 0.0 0.0 -100.0
1885 0.0 0.0 -100.0
2969 0.0 0.0 -100.0
1274 0.0 0.0 -100.0
2555 0.0 0.0 -100.0
2564 0.0 0.0 -100.0
4815 0.0 0.0 -100.0
3685 0.0 0.0 -100.0
3492 0.0 0.0 -100.0
4529 0.0 0.0 -100.0
4861 0.0 0.0 -100.0
3842 0.0 0.0 -100.0
4420 0.0 0.0 -100.0
4795 0.0 0.0 -100.0
3476 0.0 0.0 -100.0
3868 0.0 0.0 -100.0
3666 0.0 0.0 -100.0
438 0.0 0.0 -100.0
2757 0.0 0.0 -100.0
1423 0.0 0.0 -100.0
2756 0.0 0.0 -100.0
3486 0.0 0.0 -100.0
436 0.0 0.0 -100.0
4105 0.0 0.0 -100.0
4285 0.0 0.0 -100.0
3336 0.0 0.0 -100.0
2578 0.0 0.0 -100.0
2943 0.0 0.0 -100.0
2978 0.0 0.0 -100.0
3000 0.0 0.0 -100.0
3858 0.0 0.0 -100.0
3125 0.0 0.0 -100.0
3122 0.0 0.0 -100.0
915 0.0 0.0 -100.0
4010 0.0 0.0 -100.0
4412 0.0 0.0 -100.0
3856 0.0 0.0 -100.0
3681 0.0 0.0 -100.0
3684 0.0 0.0 -100.0
1894 0.0 0.0 -100.0
3131 0.0 0.0 -100.0
2987 0.0 0.0 -100.0
2946 0.0 0.0 -100.0
2839 0.0 0.0 -100.0
995 0.0 0.0 -100.0
1913 0.0 0.0 -100.0
2982 0.0 0.0 -100.0
3676 0.0 0.0 -100.0
3679 0.0 0.0 -100.0
2270 0.0 0.0 -100.0
2768 0.0 0.0 -100.0
2766 0.0 0.0 -100.0
867 0.0 0.0 -100.0
866 0.0 0.0 -100.0
1743 0.0 0.0 -100.0
2238 0.0 0.0 -100.0
4635 0.0 0.0 -100.0
2772 0.0 0.0 -100.0
3489 0.0 0.0 -100.0
2366 0.0 0.0 -100.0
319 0.0 0.0 -100.0
318 0.0 0.0 -100.0
2962 0.0 0.0 -100.0
2964 0.0 0.0 -100.0
4005 0.0 0.0 -100.0
4499 0.0 0.0 -100.0
227 0.0 0.0 -100.0
2744 0.0 0.0 -100.0
2740 0.0 0.0 -100.0
2375 0.0 0.0 -100.0
4281 0.0 0.0 -100.0
4279 0.0 0.0 -100.0
1741 0.0 0.0 -100.0
3851 0.0 0.0 -100.0
1407 0.0 0.0 -100.0
345 0.0 0.0 -100.0
2239 0.0 0.0 -100.0
1897 0.0 0.0 -100.0
2072 0.0 0.0 -100.0
2071 0.0 0.0 -100.0
1900 0.0 0.0 -100.0
1766 0.0 0.0 -100.0
1767 0.0 0.0 -100.0
3499 0.0 0.0 -100.0
634 0.0 0.0 -100.0
2082 0.0 0.0 -100.0
2374 0.0 0.0 -100.0
1749 0.0 0.0 -100.0
1753 0.0 0.0 -100.0
2515 0.0 0.0 -100.0
2971 0.0 0.0 -100.0
577 0.0 0.0 -100.0
579 0.0 0.0 -100.0
1605 0.0 0.0 -100.0
728 0.0 0.0 -100.0
571 0.0 0.0 -100.0
328 0.0 0.0 -100.0
343 0.0 0.0 -100.0
1260 0.0 0.0 -100.0
1267 0.0 0.0 -100.0
5062 0.0 0.0 -100.0
1431 0.0 0.0 -100.0
877 0.0 0.0 -100.0
3173 0.0 0.0 -100.0
886 0.0 0.0 -100.0
885 0.0 0.0 -100.0
5082 0.0 0.0 -100.0
5092 0.0 0.0 -100.0
4531 0.0 0.0 -100.0
1265 0.0 0.0 -100.0
733 0.0 0.0 -100.0
335 0.0 0.0 -100.0
340 0.0 0.0 -100.0
730 0.0 0.0 -100.0
2226 0.0 0.0 -100.0
578 0.0 0.0 -100.0
325 0.0 0.0 -100.0
3117 0.0 0.0 -100.0
4265 0.0 0.0 -100.0
1750 0.0 0.0 -100.0
2066 0.0 0.0 -100.0
2370 0.0 0.0 -100.0
2083 0.0 0.0 -100.0
4810 0.0 0.0 -100.0
4525 0.0 0.0 -100.0
5035 0.0 0.0 -100.0
5037 0.0 0.0 -100.0
2067 0.0 0.0 -100.0
1898 0.0 0.0 -100.0
1233 0.0 0.0 -100.0
2074 0.0 0.0 -100.0
1409 0.0 0.0 -100.0
1408 0.0 0.0 -100.0
1742 0.0 0.0 -100.0
536 0.0 0.0 -100.0
118 0.0 0.0 -100.0
2077 0.0 0.0 -100.0
2746 0.0 0.0 -100.0
2741 0.0 0.0 -100.0
4938 0.0 0.0 -100.0
3847 0.0 0.0 -100.0
3139 0.0 0.0 -100.0
1889 0.0 0.0 -100.0
109 0.0 0.0 -100.0
114 0.0 0.0 -100.0
2559 0.0 0.0 -100.0
3140 0.0 0.0 -100.0
2774 0.0 0.0 -100.0
2773 0.0 0.0 -100.0
4632 0.0 0.0 -100.0
4631 0.0 0.0 -100.0
1744 0.0 0.0 -100.0
862 0.0 0.0 -100.0
1587 0.0 0.0 -100.0
2220 0.0 0.0 -100.0
2546 0.0 0.0 -100.0
2232 0.0 0.0 -100.0
3473 0.0 0.0 -100.0
3481 0.0 0.0 -100.0
996 0.0 0.0 -100.0
2362 0.0 0.0 -100.0
2380 0.0 0.0 -100.0
1875 0.0 0.0 -100.0
2947 0.0 0.0 -100.0
1247 0.0 0.0 -100.0
4277 0.0 0.0 -100.0
4930 0.0 0.0 -100.0
3689 0.0 0.0 -100.0
4415 0.0 0.0 -100.0
4006 0.0 0.0 -100.0
3126 0.0 0.0 -100.0
5043 0.0 0.0 -100.0
5071 0.0 0.0 -100.0
4523 0.0 0.0 -100.0
2939 0.0 0.0 -100.0
4011 0.0 0.0 -100.0
311 0.0 0.0 -100.0
854 0.0 0.0 -100.0
855 0.0 0.0 -100.0
2357 0.0 0.0 -100.0
2358 0.0 0.0 -100.0
1740 0.0 0.0 -100.0
1736 0.0 0.0 -100.0
439 0.0 0.0 -100.0
2760 0.0 0.0 -100.0
3667 0.0 0.0 -100.0
3477 0.0 0.0 -100.0
4271 0.0 0.0 -100.0
5128 0.0 0.0 -100.0
4796 0.0 0.0 -100.0
4862 0.0 0.0 -100.0
4792 0.0 0.0 -100.0
4789 0.0 0.0 -100.0
3686 0.0 0.0 -100.0
4791 0.0 0.0 -100.0
2351 0.0 0.0 -100.0
2557 0.0 0.0 -100.0
1278 0.0 0.0 -100.0
430 0.0 0.0 -100.0
1887 0.0 0.0 -100.0
1252 0.0 0.0 -100.0
735 0.0 0.0 -100.0
1281 0.0 0.0 -100.0
4830 0.0 0.0 -100.0
4517 0.0 0.0 -100.0
4252 0.0 0.0 -100.0
3663 0.0 0.0 -100.0
3324 0.0 0.0 -100.0
3996 0.0 0.0 -100.0
2751 0.0 0.0 -100.0
2228 0.0 0.0 -100.0
3158 0.0 0.0 -100.0
1601 0.0 0.0 -100.0
568 0.0 0.0 -100.0
1002 0.0 0.0 -100.0
2549 0.0 0.0 -100.0
555 0.0 0.0 -100.0
724 0.0 0.0 -100.0
740 0.0 0.0 -100.0
1253 0.0 0.0 -100.0
1595 0.0 0.0 -100.0
725 0.0 0.0 -100.0
552 0.0 0.0 -100.0
3864 0.0 0.0 -100.0
3863 0.0 0.0 -100.0
1602 0.0 0.0 -100.0
3837 0.0 0.0 -100.0
3835 0.0 0.0 -100.0
2752 0.0 0.0 -100.0
2750 0.0 0.0 -100.0
3319 0.0 0.0 -100.0
3323 0.0 0.0 -100.0
3662 0.0 0.0 -100.0
1728 0.0 0.0 -100.0
2349 0.0 0.0 -100.0
2348 0.0 0.0 -100.0
102 0.0 0.0 -100.0
1879 0.0 0.0 -100.0
1287 0.0 0.0 -100.0
1881 0.0 0.0 -100.0
3328 0.0 0.0 -100.0
420 0.0 0.0 -100.0
418 0.0 0.0 -100.0
4099 0.0 0.0 -100.0
1117 0.0 0.0 -100.0
4793 0.0 0.0 -100.0
1207 0.0 0.0 -100.0
4776 0.0 0.0 -100.0
3804 0.0 0.0 -100.0
4797 0.0 0.0 -100.0
5040 0.0 0.0 -100.0
4270 0.0 0.0 -100.0
4258 0.0 0.0 -100.0
2112 0.0 0.0 -100.0
2761 0.0 0.0 -100.0
1737 0.0 0.0 -100.0
3142 0.0 0.0 -100.0
2353 0.0 0.0 -100.0
1121 0.0 0.0 -100.0
851 0.0 0.0 -100.0
313 0.0 0.0 -100.0
2941 0.0 0.0 -100.0
3472 0.0 0.0 -100.0
4857 0.0 0.0 -100.0
2273 0.0 0.0 -100.0
3129 0.0 0.0 -100.0
4007 0.0 0.0 -100.0
4528 0.0 0.0 -100.0
1244 0.0 0.0 -100.0
1872 0.0 0.0 -100.0
2540 0.0 0.0 -100.0
214 0.0 0.0 -100.0
1249 0.0 0.0 -100.0
2363 0.0 0.0 -100.0
2360 0.0 0.0 -100.0
315 0.0 0.0 -100.0
1874 0.0 0.0 -100.0
2194 0.0 0.0 -100.0
2234 0.0 0.0 -100.0
2548 0.0 0.0 -100.0
2215 0.0 0.0 -100.0
1589 0.0 0.0 -100.0
1594 0.0 0.0 -100.0
1746 0.0 0.0 -100.0
1747 0.0 0.0 -100.0
4784 0.0 0.0 -100.0
3670 0.0 0.0 -100.0
3997 0.0 0.0 -100.0
2561 0.0 0.0 -100.0
116 0.0 0.0 -100.0
722 0.0 0.0 -100.0
539 0.0 0.0 -100.0
13 0.0 0.0 -100.0
12 0.0 0.0 -100.0
856 0.0 0.0 -100.0
4851 0.0 0.0 -100.0
2748 0.0 0.0 -100.0
2377 0.0 0.0 -100.0
2078 0.0 0.0 -100.0
537 0.0 0.0 -100.0
543 0.0 0.0 -100.0
2081 0.0 0.0 -100.0
1585 0.0 0.0 -100.0
1230 0.0 0.0 -100.0
3998 0.0 0.0 -100.0
2080 0.0 0.0 -100.0
2383 0.0 0.0 -100.0
3657 0.0 0.0 -100.0
3463 0.0 0.0 -100.0
3464 0.0 0.0 -100.0
2738 0.0 0.0 -100.0
2371 0.0 0.0 -100.0
2368 0.0 0.0 -100.0
2064 0.0 0.0 -100.0
4268 0.0 0.0 -100.0
3120 0.0 0.0 -100.0
321 0.0 0.0 -100.0
326 0.0 0.0 -100.0
3330 0.0 0.0 -100.0
1607 0.0 0.0 -100.0
1418 0.0 0.0 -100.0
711 0.0 0.0 -100.0
332 0.0 0.0 -100.0
428 0.0 0.0 -100.0
4917 0.0 0.0 -100.0
4002 0.0 0.0 -100.0
3776 0.0 0.0 -100.0
5091 0.0 0.0 -100.0
1282 0.0 0.0 -100.0
3475 0.0 0.0 -100.0
3130 0.0 0.0 -100.0
119 0.0 0.0 -100.0
3566 0.0 0.0 -100.0
105 0.0 0.0 -100.0
106 0.0 0.0 -100.0
3312 0.0 0.0 -100.0
3146 0.0 0.0 -100.0
429 0.0 0.0 -100.0
712 0.0 0.0 -100.0
714 0.0 0.0 -100.0
2052 0.0 0.0 -100.0
2225 0.0 0.0 -100.0
848 0.0 0.0 -100.0
322 0.0 0.0 -100.0
627 0.0 0.0 -100.0
4264 0.0 0.0 -100.0
4940 0.0 0.0 -100.0
4399 0.0 0.0 -100.0
3098 0.0 0.0 -100.0
2734 0.0 0.0 -100.0
3100 0.0 0.0 -100.0
3460 0.0 0.0 -100.0
3308 0.0 0.0 -100.0
3658 0.0 0.0 -100.0
4924 0.0 0.0 -100.0
2199 0.0 0.0 -100.0
1102 0.0 0.0 -100.0
3650 0.0 0.0 -100.0
1106 0.0 0.0 -100.0
544 0.0 0.0 -100.0
5094 0.0 0.0 -100.0
716 0.0 0.0 -100.0
3134 0.0 0.0 -100.0
4100 0.0 0.0 -100.0
4514 0.0 0.0 -100.0
858 0.0 0.0 -100.0
628 0.0 0.0 -100.0
8 0.0 0.0 -100.0
717 0.0 0.0 -100.0
3480 0.0 0.0 -100.0
3137 0.0 0.0 -100.0
4932 0.0 0.0 -100.0
2347 0.0 0.0 -100.0
3106 0.0 0.0 -100.0
3470 0.0 0.0 -100.0
2213 0.0 0.0 -100.0
4400 0.0 0.0 -100.0
1591 0.0 0.0 -100.0
2219 0.0 0.0 -100.0
2222 0.0 0.0 -100.0
4262 0.0 0.0 -100.0
3316 0.0 0.0 -100.0
1256 0.0 0.0 -100.0
2196 0.0 0.0 -100.0
421 0.0 0.0 -100.0
426 0.0 0.0 -100.0
2063 0.0 0.0 -100.0
208 0.0 0.0 -100.0
2541 0.0 0.0 -100.0
2542 0.0 0.0 -100.0
1570 0.0 0.0 -100.0
1240 0.0 0.0 -100.0
1224 0.0 0.0 -100.0
4934 0.0 0.0 -100.0
3645 0.0 0.0 -100.0
1725 0.0 0.0 -100.0
1111 0.0 0.0 -100.0
564 0.0 0.0 -100.0
560 0.0 0.0 -100.0
1122 0.0 0.0 -100.0
2354 0.0 0.0 -100.0
5033 0.0 0.0 -100.0
5064 0.0 0.0 -100.0
2763 0.0 0.0 -100.0
4259 0.0 0.0 -100.0
2534 0.0 0.0 -100.0
4788 0.0 0.0 -100.0
3565 0.0 0.0 -100.0
150 0.0 0.0 -100.0
1208 0.0 0.0 -100.0
2446 0.0 0.0 -100.0
3115 0.0 0.0 -100.0
1732 0.0 0.0 -100.0
1118 0.0 0.0 -100.0
1734 0.0 0.0 -100.0
215 0.0 0.0 -100.0
219 0.0 0.0 -100.0
201 0.0 0.0 -100.0
202 0.0 0.0 -100.0
98 0.0 0.0 -100.0
1729 0.0 0.0 -100.0
1733 0.0 0.0 -100.0
2537 0.0 0.0 -100.0
2207 0.0 0.0 -100.0
3661 0.0 0.0 -100.0
3994 0.0 0.0 -100.0
3840 0.0 0.0 -100.0
3839 0.0 0.0 -100.0
4389 0.0 0.0 -100.0
3989 0.0 0.0 -100.0
3988 0.0 0.0 -100.0
2552 0.0 0.0 -100.0
548 0.0 0.0 -100.0
558 0.0 0.0 -100.0
1888 0.0 0.0 -100.0
1596 0.0 0.0 -100.0
294 0.0 0.0 -100.0
423 0.0 0.0 -100.0
718 0.0 0.0 -100.0
107 0.0 0.0 -100.0
4403 0.0 0.0 -100.0
1584 0.0 0.0 -100.0
550 0.0 0.0 -100.0
3635 0.0 0.0 -100.0
4832 0.0 0.0 -100.0
4401 0.0 0.0 -100.0
4095 0.0 0.0 -100.0
4098 0.0 0.0 -100.0
3641 0.0 0.0 -100.0
4256 0.0 0.0 -100.0
2203 0.0 0.0 -100.0
2208 0.0 0.0 -100.0
2530 0.0 0.0 -100.0
100 0.0 0.0 -100.0
4188 0.0 0.0 -100.0
1716 0.0 0.0 -100.0
197 0.0 0.0 -100.0
1397 0.0 0.0 -100.0
216 0.0 0.0 -100.0
1120 0.0 0.0 -100.0
3113 0.0 0.0 -100.0
1720 0.0 0.0 -100.0
149 0.0 0.0 -100.0
2184 0.0 0.0 -100.0
2187 0.0 0.0 -100.0
1576 0.0 0.0 -100.0
1566 0.0 0.0 -100.0
5102 0.0 0.0 -100.0
5120 0.0 0.0 -100.0
4627 0.0 0.0 -100.0
4519 0.0 0.0 -100.0
2731 0.0 0.0 -100.0
561 0.0 0.0 -100.0
1109 0.0 0.0 -100.0
1406 0.0 0.0 -100.0
1225 0.0 0.0 -100.0
1229 0.0 0.0 -100.0
1242 0.0 0.0 -100.0
1871 0.0 0.0 -100.0
2936 0.0 0.0 -100.0
213 0.0 0.0 -100.0
4246 0.0 0.0 -100.0
3092 0.0 0.0 -100.0
2062 0.0 0.0 -100.0
2189 0.0 0.0 -100.0
2730 0.0 0.0 -100.0
4617 0.0 0.0 -100.0
2544 0.0 0.0 -100.0
4865 0.0 0.0 -100.0
3826 0.0 0.0 -100.0
3827 0.0 0.0 -100.0
3467 0.0 0.0 -100.0
3101 0.0 0.0 -100.0
2343 0.0 0.0 -100.0
4384 0.0 0.0 -100.0
4512 0.0 0.0 -100.0
632 0.0 0.0 -100.0
630 0.0 0.0 -100.0
629 0.0 0.0 -100.0
860 0.0 0.0 -100.0
4515 0.0 0.0 -100.0
3135 0.0 0.0 -100.0
2055 0.0 0.0 -100.0
3647 0.0 0.0 -100.0
1104 0.0 0.0 -100.0
2200 0.0 0.0 -100.0
4383 0.0 0.0 -100.0
3655 0.0 0.0 -100.0
3986 0.0 0.0 -100.0
3305 0.0 0.0 -100.0
3310 0.0 0.0 -100.0
3461 0.0 0.0 -100.0
4947 0.0 0.0 -100.0
3099 0.0 0.0 -100.0
4394 0.0 0.0 -100.0
5077 0.0 0.0 -100.0
5078 0.0 0.0 -100.0
3832 0.0 0.0 -100.0
623 0.0 0.0 -100.0
845 0.0 0.0 -100.0
839 0.0 0.0 -100.0
842 0.0 0.0 -100.0
2198 0.0 0.0 -100.0
1414 0.0 0.0 -100.0
1416 0.0 0.0 -100.0
4506 0.0 0.0 -100.0
4236 0.0 0.0 -100.0
3313 0.0 0.0 -100.0
1722 0.0 0.0 -100.0
4090 0.0 0.0 -100.0
4508 0.0 0.0 -100.0
2527 0.0 0.0 -100.0
2526 0.0 0.0 -100.0
3097 0.0 0.0 -100.0
1712 0.0 0.0 -100.0
834 0.0 0.0 -100.0
841 0.0 0.0 -100.0
1402 0.0 0.0 -100.0
1400 0.0 0.0 -100.0
5101 0.0 0.0 -100.0
4869 0.0 0.0 -100.0
4395 0.0 0.0 -100.0
3291 0.0 0.0 -100.0
4921 0.0 0.0 -100.0
4614 0.0 0.0 -100.0
1864 0.0 0.0 -100.0
531 0.0 0.0 -100.0
992 0.0 0.0 -100.0
3654 0.0 0.0 -100.0
4251 0.0 0.0 -100.0
2643 0.0 0.0 -100.0
3631 0.0 0.0 -100.0
1107 0.0 0.0 -100.0
2059 0.0 0.0 -100.0
2060 0.0 0.0 -100.0
4744 0.0 0.0 -100.0
4233 0.0 0.0 -100.0
3993 0.0 0.0 -100.0
2932 0.0 0.0 -100.0
1866 0.0 0.0 -100.0
2636 0.0 0.0 -100.0
4382 0.0 0.0 -100.0
2920 0.0 0.0 -100.0
3105 0.0 0.0 -100.0
3103 0.0 0.0 -100.0
3468 0.0 0.0 -100.0
3823 0.0 0.0 -100.0
4929 0.0 0.0 -100.0
5026 0.0 0.0 -100.0
2043 0.0 0.0 -100.0
2044 0.0 0.0 -100.0
1411 0.0 0.0 -100.0
3976 0.0 0.0 -100.0
1726 0.0 0.0 -100.0
4762 0.0 0.0 -100.0
4244 0.0 0.0 -100.0
4241 0.0 0.0 -100.0
4854 0.0 0.0 -100.0
2197 0.0 0.0 -100.0
1571 0.0 0.0 -100.0
4239 0.0 0.0 -100.0
1116 0.0 0.0 -100.0
1113 0.0 0.0 -100.0
3088 0.0 0.0 -100.0
2732 0.0 0.0 -100.0
3985 0.0 0.0 -100.0
4735 0.0 0.0 -100.0
4943 0.0 0.0 -100.0
5103 0.0 0.0 -100.0
1569 0.0 0.0 -100.0
1563 0.0 0.0 -100.0
1578 0.0 0.0 -100.0
2182 0.0 0.0 -100.0
1949 0.0 0.0 -100.0
1849 0.0 0.0 -100.0
1723 0.0 0.0 -100.0
3983 0.0 0.0 -100.0
2050 0.0 0.0 -100.0
2046 0.0 0.0 -100.0
199 0.0 0.0 -100.0
1399 0.0 0.0 -100.0
1581 0.0 0.0 -100.0
1851 0.0 0.0 -100.0
2204 0.0 0.0 -100.0
4255 0.0 0.0 -100.0
3638 0.0 0.0 -100.0
3643 0.0 0.0 -100.0
4247 0.0 0.0 -100.0
4765 0.0 0.0 -100.0
4625 0.0 0.0 -100.0
4620 0.0 0.0 -100.0
2727 0.0 0.0 -100.0
1580 0.0 0.0 -100.0
621 0.0 0.0 -100.0
620 0.0 0.0 -100.0
2925 0.0 0.0 -100.0
1950 0.0 0.0 -100.0
1391 0.0 0.0 -100.0
1867 0.0 0.0 -100.0
94 0.0 0.0 -100.0
1554 0.0 0.0 -100.0
617 0.0 0.0 -100.0
1101 0.0 0.0 -100.0
3455 0.0 0.0 -100.0
4619 0.0 0.0 -100.0
5025 0.0 0.0 -100.0
4766 0.0 0.0 -100.0
4248 0.0 0.0 -100.0
3637 0.0 0.0 -100.0
5087 0.0 0.0 -100.0
3991 0.0 0.0 -100.0
1583 0.0 0.0 -100.0
2723 0.0 0.0 -100.0
1719 0.0 0.0 -100.0
2338 0.0 0.0 -100.0
2047 0.0 0.0 -100.0
983 0.0 0.0 -100.0
90 0.0 0.0 -100.0
2186 0.0 0.0 -100.0
1559 0.0 0.0 -100.0
1579 0.0 0.0 -100.0
2177 0.0 0.0 -100.0
4228 0.0 0.0 -100.0
4230 0.0 0.0 -100.0
4727 0.0 0.0 -100.0
4379 0.0 0.0 -100.0
3094 0.0 0.0 -100.0
1388 0.0 0.0 -100.0
4658 0.0 0.0 -100.0
1711 0.0 0.0 -100.0
1709 0.0 0.0 -100.0
4225 0.0 0.0 -100.0
3818 0.0 0.0 -100.0
4755 0.0 0.0 -100.0
3095 0.0 0.0 -100.0
3973 0.0 0.0 -100.0
1383 0.0 0.0 -100.0
2029 0.0 0.0 -100.0
4611 0.0 0.0 -100.0
3825 0.0 0.0 -100.0
1222 0.0 0.0 -100.0
1814 0.0 0.0 -100.0
1438 0.0 0.0 -100.0
3980 0.0 0.0 -100.0
2921 0.0 0.0 -100.0
989 0.0 0.0 -100.0
2722 0.0 0.0 -100.0
2919 0.0 0.0 -100.0
2521 0.0 0.0 -100.0
2039 0.0 0.0 -100.0
4922 0.0 0.0 -100.0
193 0.0 0.0 -100.0
3967 0.0 0.0 -100.0
196 0.0 0.0 -100.0
991 0.0 0.0 -100.0
985 0.0 0.0 -100.0
532 0.0 0.0 -100.0
1861 0.0 0.0 -100.0
2522 0.0 0.0 -100.0
3288 0.0 0.0 -100.0
3965 0.0 0.0 -100.0
5090 0.0 0.0 -100.0
4870 0.0 0.0 -100.0
4 0.0 0.0 -100.0
1401 0.0 0.0 -100.0
829 0.0 0.0 -100.0
836 0.0 0.0 -100.0
838 0.0 0.0 -100.0
4719 0.0 0.0 -100.0
3963 0.0 0.0 -100.0
3452 0.0 0.0 -100.0
4504 0.0 0.0 -100.0
92 0.0 0.0 -100.0
705 0.0 0.0 -100.0
1703 0.0 0.0 -100.0
1702 0.0 0.0 -100.0
2033 0.0 0.0 -100.0
2331 0.0 0.0 -100.0
833 0.0 0.0 -100.0
831 0.0 0.0 -100.0
1403 0.0 0.0 -100.0
3809 0.0 0.0 -100.0
4726 0.0 0.0 -100.0
3300 0.0 0.0 -100.0
3289 0.0 0.0 -100.0
1857 0.0 0.0 -100.0
1863 0.0 0.0 -100.0
1213 0.0 0.0 -100.0
821 0.0 0.0 -100.0
524 0.0 0.0 -100.0
3816 0.0 0.0 -100.0
523 0.0 0.0 -100.0
190 0.0 0.0 -100.0
1393 0.0 0.0 -100.0
2041 0.0 0.0 -100.0
409 0.0 0.0 -100.0
413 0.0 0.0 -100.0
2342 0.0 0.0 -100.0
530 0.0 0.0 -100.0
4717 0.0 0.0 -100.0
3982 0.0 0.0 -100.0
1439 0.0 0.0 -100.0
1815 0.0 0.0 -100.0
1217 0.0 0.0 -100.0
1218 0.0 0.0 -100.0
4609 0.0 0.0 -100.0
2030 0.0 0.0 -100.0
1384 0.0 0.0 -100.0
1387 0.0 0.0 -100.0
3978 0.0 0.0 -100.0
3970 0.0 0.0 -100.0
3958 0.0 0.0 -100.0
3822 0.0 0.0 -100.0
4227 0.0 0.0 -100.0
1705 0.0 0.0 -100.0
4377 0.0 0.0 -100.0
2027 0.0 0.0 -100.0
4732 0.0 0.0 -100.0
2021 0.0 0.0 -100.0
2022 0.0 0.0 -100.0
4381 0.0 0.0 -100.0
4229 0.0 0.0 -100.0
2178 0.0 0.0 -100.0
2181 0.0 0.0 -100.0
1560 0.0 0.0 -100.0
2023 0.0 0.0 -100.0
4386 0.0 0.0 -100.0
707 0.0 0.0 -100.0
709 0.0 0.0 -100.0
979 0.0 0.0 -100.0
2015 0.0 0.0 -100.0
3457 0.0 0.0 -100.0
4927 0.0 0.0 -100.0
4219 0.0 0.0 -100.0
4216 0.0 0.0 -100.0
4915 0.0 0.0 -100.0
4500 0.0 0.0 -100.0
520 0.0 0.0 -100.0
4622 0.0 0.0 -100.0
3456 0.0 0.0 -100.0
3454 0.0 0.0 -100.0
185 0.0 0.0 -100.0
186 0.0 0.0 -100.0
1555 0.0 0.0 -100.0
82 0.0 0.0 -100.0
2714 0.0 0.0 -100.0
527 0.0 0.0 -100.0
706 0.0 0.0 -100.0
1557 0.0 0.0 -100.0
181 0.0 0.0 -100.0
5005 0.0 0.0 -100.0
4085 0.0 0.0 -100.0
509 0.0 0.0 -100.0
84 0.0 0.0 -100.0
3627 0.0 0.0 -100.0
2508 0.0 0.0 -100.0
3283 0.0 0.0 -100.0
4948 0.0 0.0 -100.0
4807 0.0 0.0 -100.0
2719 0.0 0.0 -100.0
2014 0.0 0.0 -100.0
981 0.0 0.0 -100.0
81 0.0 0.0 -100.0
3630 0.0 0.0 -100.0
5107 0.0 0.0 -100.0
5084 0.0 0.0 -100.0
4223 0.0 0.0 -100.0
2017 0.0 0.0 -100.0
3765 0.0 0.0 -100.0
2716 0.0 0.0 -100.0
1707 0.0 0.0 -100.0
4224 0.0 0.0 -100.0
3954 0.0 0.0 -100.0
4199 0.0 0.0 -100.0
4686 0.0 0.0 -100.0
3969 0.0 0.0 -100.0
4374 0.0 0.0 -100.0
3448 0.0 0.0 -100.0
1219 0.0 0.0 -100.0
1713 0.0 0.0 -100.0
1467 0.0 0.0 -100.0
2517 0.0 0.0 -100.0
4718 0.0 0.0 -100.0
824 0.0 0.0 -100.0
414 0.0 0.0 -100.0
1098 0.0 0.0 -100.0
2037 0.0 0.0 -100.0
1396 0.0 0.0 -100.0
3813 0.0 0.0 -100.0
189 0.0 0.0 -100.0
1215 0.0 0.0 -100.0
1373 0.0 0.0 -100.0
1854 0.0 0.0 -100.0
1855 0.0 0.0 -100.0
702 0.0 0.0 -100.0
4502 0.0 0.0 -100.0
4607 0.0 0.0 -100.0
4209 0.0 0.0 -100.0
3811 0.0 0.0 -100.0
4956 0.0 0.0 -100.0
2332 0.0 0.0 -100.0
2035 0.0 0.0 -100.0
1376 0.0 0.0 -100.0
1378 0.0 0.0 -100.0
1700 0.0 0.0 -100.0
1377 0.0 0.0 -100.0
2336 0.0 0.0 -100.0
2335 0.0 0.0 -100.0
4083 0.0 0.0 -100.0
4958 0.0 0.0 -100.0
4200 0.0 0.0 -100.0
4212 0.0 0.0 -100.0
4716 0.0 0.0 -100.0
3303 0.0 0.0 -100.0
224 0.0 0.0 -100.0
166 0.0 0.0 -100.0
1375 0.0 0.0 -100.0
825 0.0 0.0 -100.0
822 0.0 0.0 -100.0
309 0.0 0.0 -100.0
2330 0.0 0.0 -100.0
976 0.0 0.0 -100.0
977 0.0 0.0 -100.0
612 0.0 0.0 -100.0
613 0.0 0.0 -100.0
3278 0.0 0.0 -100.0
3950 0.0 0.0 -100.0
2327 0.0 0.0 -100.0
3085 0.0 0.0 -100.0
3960 0.0 0.0 -100.0
3449 0.0 0.0 -100.0
1515 0.0 0.0 -100.0
2506 0.0 0.0 -100.0
4495 0.0 0.0 -100.0
4197 0.0 0.0 -100.0
3956 0.0 0.0 -100.0
4485 0.0 0.0 -100.0
4497 0.0 0.0 -100.0
1513 0.0 0.0 -100.0
4687 0.0 0.0 -100.0
3764 0.0 0.0 -100.0
1550 0.0 0.0 -100.0
973 0.0 0.0 -100.0
2913 0.0 0.0 -100.0
2175 0.0 0.0 -100.0
77 0.0 0.0 -100.0
3284 0.0 0.0 -100.0
2013 0.0 0.0 -100.0
2329 0.0 0.0 -100.0
4709 0.0 0.0 -100.0
2510 0.0 0.0 -100.0
3285 0.0 0.0 -100.0
89 0.0 0.0 -100.0
88 0.0 0.0 -100.0
514 0.0 0.0 -100.0
4086 0.0 0.0 -100.0
4902 0.0 0.0 -100.0
182 0.0 0.0 -100.0
5023 0.0 0.0 -100.0
4873 0.0 0.0 -100.0
3084 0.0 0.0 -100.0
3625 0.0 0.0 -100.0
3561 0.0 0.0 -100.0
4602 0.0 0.0 -100.0
512 0.0 0.0 -100.0
3445 0.0 0.0 -100.0
4084 0.0 0.0 -100.0
3281 0.0 0.0 -100.0
4710 0.0 0.0 -100.0
4600 0.0 0.0 -100.0
3082 0.0 0.0 -100.0
3628 0.0 0.0 -100.0
2176 0.0 0.0 -100.0
2915 0.0 0.0 -100.0
2909 0.0 0.0 -100.0
969 0.0 0.0 -100.0
2170 0.0 0.0 -100.0
2166 0.0 0.0 -100.0
4370 0.0 0.0 -100.0
2712 0.0 0.0 -100.0
3443 0.0 0.0 -100.0
1370 0.0 0.0 -100.0
4914 0.0 0.0 -100.0
4491 0.0 0.0 -100.0
1514 0.0 0.0 -100.0
405 0.0 0.0 -100.0
404 0.0 0.0 -100.0
1698 0.0 0.0 -100.0
2519 0.0 0.0 -100.0
3280 0.0 0.0 -100.0
1096 0.0 0.0 -100.0
1095 0.0 0.0 -100.0
496 0.0 0.0 -100.0
967 0.0 0.0 -100.0
306 0.0 0.0 -100.0
305 0.0 0.0 -100.0
1099 0.0 0.0 -100.0
3087 0.0 0.0 -100.0
167 0.0 0.0 -100.0
204 0.0 0.0 -100.0
4368 0.0 0.0 -100.0
4488 0.0 0.0 -100.0
4206 0.0 0.0 -100.0
4201 0.0 0.0 -100.0
4082 0.0 0.0 -100.0
1093 0.0 0.0 -100.0
1094 0.0 0.0 -100.0
3807 0.0 0.0 -100.0
1092 0.0 0.0 -100.0
1087 0.0 0.0 -100.0
2704 0.0 0.0 -100.0
4369 0.0 0.0 -100.0
816 0.0 0.0 -100.0
4489 0.0 0.0 -100.0
4715 0.0 0.0 -100.0
504 0.0 0.0 -100.0
205 0.0 0.0 -100.0
701 0.0 0.0 -100.0
698 0.0 0.0 -100.0
307 0.0 0.0 -100.0
964 0.0 0.0 -100.0
494 0.0 0.0 -100.0
490 0.0 0.0 -100.0
2012 0.0 0.0 -100.0
3948 0.0 0.0 -100.0
2326 0.0 0.0 -100.0
400 0.0 0.0 -100.0
406 0.0 0.0 -100.0
408 0.0 0.0 -100.0
4698 0.0 0.0 -100.0
803 0.0 0.0 -100.0
808 0.0 0.0 -100.0
177 0.0 0.0 -100.0
399 0.0 0.0 -100.0
1081 0.0 0.0 -100.0
1553 0.0 0.0 -100.0
971 0.0 0.0 -100.0
2911 0.0 0.0 -100.0
2171 0.0 0.0 -100.0
4604 0.0 0.0 -100.0
4372 0.0 0.0 -100.0
3446 0.0 0.0 -100.0
1199 0.0 0.0 -100.0
4605 0.0 0.0 -100.0
3626 0.0 0.0 -100.0
3558 0.0 0.0 -100.0
2907 0.0 0.0 -100.0
3080 0.0 0.0 -100.0
2707 0.0 0.0 -100.0
1202 0.0 0.0 -100.0
484 0.0 0.0 -100.0
74 0.0 0.0 -100.0
1197 0.0 0.0 -100.0
1693 0.0 0.0 -100.0
2689 0.0 0.0 -100.0
5022 0.0 0.0 -100.0
5020 0.0 0.0 -100.0
1091 0.0 0.0 -100.0
2373 0.0 0.0 -100.0
1690 0.0 0.0 -100.0
1083 0.0 0.0 -100.0
395 0.0 0.0 -100.0
178 0.0 0.0 -100.0
162 0.0 0.0 -100.0
163 0.0 0.0 -100.0
3946 0.0 0.0 -100.0
1080 0.0 0.0 -100.0
402 0.0 0.0 -100.0
796 0.0 0.0 -100.0
2700 0.0 0.0 -100.0
2702 0.0 0.0 -100.0
700 0.0 0.0 -100.0
495 0.0 0.0 -100.0
4913 0.0 0.0 -100.0
4597 0.0 0.0 -100.0
4595 0.0 0.0 -100.0
508 0.0 0.0 -100.0
499 0.0 0.0 -100.0
4912 0.0 0.0 -100.0
5080 0.0 0.0 -100.0
818 0.0 0.0 -100.0
820 0.0 0.0 -100.0
1846 0.0 0.0 -100.0
2705 0.0 0.0 -100.0
1064 0.0 0.0 -100.0
164 0.0 0.0 -100.0
1697 0.0 0.0 -100.0
1844 0.0 0.0 -100.0
1196 0.0 0.0 -100.0
4362 0.0 0.0 -100.0
4705 0.0 0.0 -100.0
4968 0.0 0.0 -100.0
4366 0.0 0.0 -100.0
4707 0.0 0.0 -100.0
4189 0.0 0.0 -100.0
3442 0.0 0.0 -100.0
1363 0.0 0.0 -100.0
805 0.0 0.0 -100.0
386 0.0 0.0 -100.0
175 0.0 0.0 -100.0
3945 0.0 0.0 -100.0
1085 0.0 0.0 -100.0
1084 0.0 0.0 -100.0
5127 0.0 0.0 -100.0
70 0.0 0.0 -100.0
71 0.0 0.0 -100.0
1193 0.0 0.0 -100.0
486 0.0 0.0 -100.0
1191 0.0 0.0 -100.0
695 0.0 0.0 -100.0
72 0.0 0.0 -100.0
2696 0.0 0.0 -100.0
693 0.0 0.0 -100.0
956 0.0 0.0 -100.0
1074 0.0 0.0 -100.0
1073 0.0 0.0 -100.0
393 0.0 0.0 -100.0
1077 0.0 0.0 -100.0
387 0.0 0.0 -100.0
394 0.0 0.0 -100.0
1366 0.0 0.0 -100.0
4191 0.0 0.0 -100.0
2007 0.0 0.0 -100.0
4190 0.0 0.0 -100.0
3271 0.0 0.0 -100.0
3275 0.0 0.0 -100.0
4363 0.0 0.0 -100.0
1845 0.0 0.0 -100.0
2008 0.0 0.0 -100.0
390 0.0 0.0 -100.0
606 0.0 0.0 -100.0
689 0.0 0.0 -100.0
4365 0.0 0.0 -100.0
1367 0.0 0.0 -100.0
610 0.0 0.0 -100.0
957 0.0 0.0 -100.0
958 0.0 0.0 -100.0
608 0.0 0.0 -100.0
1364 0.0 0.0 -100.0
5125 0.0 0.0 -100.0
