82
2249 0.0 0.0 10.0
1300 0.0 0.0 10.0
1296 0.0 0.0 10.0
1886 0.0 0.0 10.0
1885 0.0 0.0 10.0
1284 0.0 0.0 10.0
1282 0.0 0.0 10.0
1452 0.0 0.0 10.0
2162 0.0 0.0 10.0
2205 0.0 0.0 10.0
2271 0.0 0.0 10.0
532 0.0 0.0 10.0
343 0.0 0.0 10.0
1060 0.0 0.0 10.0
1251 0.0 0.0 10.0
1249 0.0 0.0 10.0
908 0.0 0.0 10.0
1609 0.0 0.0 10.0
1894 0.0 0.0 10.0
2135 0.0 0.0 10.0
1829 0.0 0.0 10.0
1896 0.0 0.0 10.0
1977 0.0 0.0 10.0
1171 0.0 0.0 10.0
1169 0.0 0.0 10.0
2088 0.0 0.0 10.0
1604 0.0 0.0 10.0
1176 0.0 0.0 10.0
1301 0.0 0.0 10.0
1297 0.0 0.0 10.0
1298 0.0 0.0 10.0
1469 0.0 0.0 10.0
1471 0.0 0.0 10.0
1285 0.0 0.0 10.0
2248 0.0 0.0 10.0
1476 0.0 0.0 10.0
2206 0.0 0.0 10.0
1439 0.0 0.0 10.0
380 0.0 0.0 10.0
344 0.0 0.0 10.0
1048 0.0 0.0 10.0
1049 0.0 0.0 10.0
1611 0.0 0.0 10.0
1252 0.0 0.0 10.0
907 0.0 0.0 10.0
1895 0.0 0.0 10.0
1404 0.0 0.0 10.0
1414 0.0 0.0 10.0
1830 0.0 0.0 10.0
1978 0.0 0.0 10.0
1716 0.0 0.0 10.0
1172 0.0 0.0 10.0
1718 0.0 0.0 10.0
1717 0.0 0.0 10.0
1413 0.0 0.0 10.0
1280 0.0 0.0 10.0
1685 0.0 0.0 10.0
1341 0.0 0.0 10.0
1278 0.0 0.0 10.0
1440 0.0 0.0 10.0
1477 0.0 0.0 10.0
1470 0.0 0.0 10.0
1318 0.0 0.0 10.0
1887 0.0 0.0 10.0
1605 0.0 0.0 10.0
1606 0.0 0.0 10.0
1607 0.0 0.0 10.0
1627 0.0 0.0 10.0
1575 0.0 0.0 10.0
1574 0.0 0.0 10.0
1569 0.0 0.0 10.0
1486 0.0 0.0 10.0
1017 0.0 0.0 10.0
1909 0.0 0.0 10.0
2251 0.0 0.0 10.0
1673 0.0 0.0 10.0
2233 0.0 0.0 10.0
1986 0.0 0.0 10.0
1675 0.0 0.0 10.0
1674 0.0 0.0 10.0
1576 0.0 0.0 10.0
1628 0.0 0.0 10.0
