2273
0.19244 -0.219852 -1.90574
0.082384 -0.241659 -1.7104
0.295622 0.210525 -1.89764
-0.0334597 0.0619572 -1.92454
-0.0642862 0.257669 -1.57421
0.0309377 0.584025 -1.88848
-0.256252 0.339794 -1.94315
0.187674 0.496311 -2.33949
-0.139725 0.194124 -2.32482
0.237553 -0.0237818 -2.43247
-0.0702288 -0.387629 -2.37478
0.532566 0.778634 0.273287
0.1651 0.625729 -0.0152301
0.57638 0.379989 0.277311
0.104212 0.469122 0.264894
1.04673 1.23032 -0.0482609
0.977671 1.36353 0.351622
0.776981 1.3655 -0.184105
0.617746 1.07372 0.0608909
0.0703848 0.232658 0.605736
-0.0950357 0.661342 0.594392
-0.146035 0.0983619 0.345921
-0.290439 0.106454 -0.0418471
-0.222775 0.512011 0.171184
0.25862 0.0983635 0.312066
0.360803 0.544003 0.589599
0.427092 -0.595126 2.82573
0.763473 -0.558089 2.70551
0.463883 -0.222513 2.75533
0.484227 -0.239991 3.13363
0.585857 -0.617309 3.1548
0.34389 -0.676366 3.21269
1.86997 -0.709363 1.23277
1.58652 -0.615347 1.78167
1.6706 -0.209947 1.68871
1.50187 -0.783577 1.34676
0.412936 0.149499 2.88391
0.233915 -0.0399259 3.13802
0.522984 -0.342373 3.42028
1.01786 -0.285675 3.17316
0.840993 0.0373603 3.21609
-0.177576 -0.0177878 3.17632
0.167527 -0.28754 3.44068
-0.00203414 0.178874 3.41717
0.335321 0.0488136 3.56641
0.172755 0.374134 3.65713
0.00353601 -0.00700061 3.71517
-0.279144 0.308419 3.96461
-0.305168 0.587772 3.40164
-0.0493079 0.674024 3.0589
-0.00280652 0.282358 2.89962
0.288664 0.326913 3.34579
-0.124554 -1.1464 -0.277582
0.160858 -1.10861 -0.0942348
-0.0627491 -0.731885 -0.324428
-0.135922 -0.792619 0.0821448
-0.489509 -0.969338 -0.197537
-0.0976998 -0.422042 0.158435
-0.398276 -0.729129 0.595938
-0.0426215 -0.603907 0.602085
-0.564586 -1.11364 0.248958
-0.047515 -1.08388 0.280948
-0.53058 -0.593948 0.0797799
-0.670924 0.0548305 1.20531
-0.374014 0.16917 1.6356
-0.373846 0.243226 1.28852
-0.72738 0.257395 1.47865
-1.10037 0.351088 1.53715
-1.03916 0.245737 1.19509
-0.960216 -0.110624 1.41163
-0.779791 -0.00907294 1.69486
-0.675455 0.523695 1.26184
-0.899339 0.39805 2.01988
-0.556448 0.486897 1.70426
-0.846168 0.653252 1.52835
0.0696715 -0.0370485 -3.61703
-0.0214907 -0.209884 -3.12197
0.458659 0.0789381 -3.4417
0.0485948 0.190893 -3.07312
0.331774 0.0539575 -2.84192
0.192491 -0.187436 -1.00495
-0.186559 0.197871 -1.08757
-0.192566 -0.178136 -1.27138
0.0704124 -0.198547 -0.7998
6.21554e-08 1.56785 -5
0.160778 1.12484 -5
0.376662 1.52601 -5
0.166808 1.43273 -4.68552
0.114971 0.332016 -2.69782
-0.26601 0.28554 -2.64414
-0.0671493 0.0153063 -2.68807
0.179625 0.377785 -3.41318
-0.128797 0.521283 -3.02689
0.198202 0.555763 -3.03941
0.211715 -0.497799 -2.62714
0.374215 -0.400934 -3.28047
0.177848 -0.785128 -2.92276
-0.340877 0.136205 -3.58174
0.015188 -0.751968 -3.22533
-0.148157 -0.353285 -3.40595
1.64597 -1.13613 2.07002
1.77089 -0.929489 1.65146
1.49702 -1.32624 1.65145
1.27332 -0.938606 1.6353
-0.478279 -0.0993063 -3.20193
-0.303488 0.210593 -3.11446
-0.365764 -0.0810503 -2.73465
-0.231025 -0.530398 -2.86121
-0.555864 0.372601 -1.43492
-0.801716 0.107853 -1.09619
-0.786378 0.130414 -1.61412
-0.493468 -0.0318964 -1.18411
-0.671101 -0.208147 -1.78545
-0.272841 0.0945274 -1.61329
-0.577965 -0.463593 -1.58117
-0.450378 -0.64795 -1.25644
1.09625 -0.387113 2.4269
0.959606 -0.683839 2.21269
0.507264 -0.372758 2.3697
0.822603 -0.354411 1.95863
-0.450082 -0.0831114 -0.782708
-0.676412 -0.302503 -0.958671
-0.390439 -0.483335 -0.832683
0.2842 -0.0349483 -1.32962
-0.777687 -1.34171 -2.89986
-1.16704 -1.06864 -2.94165
-0.891484 -0.889883 -3.24573
-0.925469 -1.34656 -3.24827
0.163838 0.270451 -0.758097
0.500927 0.331512 -1.06765
0.0828656 0.377368 -1.28179
0.334577 0.529901 -1.48496
0.187567 0.899935 -1.47786
0.436577 -0.684096 0.0564625
0.243322 -0.0447247 -0.0760132
0.18236 -0.414734 -0.114483
-0.195666 -0.42535 -0.12508
-0.571845 -0.299389 -0.148725
-0.0584294 -0.193491 -0.439052
-1.62544 0.377611 4.09922
-1.37612 0.354146 4.6083
-1.53187 0.670181 4.37435
-1.62931 0.307634 4.66798
-0.34189 -0.531462 -0.455255
-0.672027 -0.559651 -0.257038
0.583782 0.137732 0.690722
0.175795 0.801547 0.892871
0.310692 0.96904 0.571591
0.599817 0.660062 0.684292
0.314951 0.385659 0.925277
0.0615841 -0.370011 3.09855
-0.324828 -0.269609 3.46616
-0.247741 -0.227579 2.83161
-0.466445 0.159503 2.87157
-0.559818 -0.480587 3.07486
-0.772831 -0.0751475 3.41724
-0.538734 0.256565 3.40951
-0.479058 0.549761 -1.75961
-0.517673 0.371517 -2.22732
-0.542347 0.0959377 -1.99745
-0.595915 -1.15468 -3.25775
-0.187153 0.770053 -2.21695
-0.220169 -0.248164 -1.86006
1.94189 -0.478621 -1.65164
1.98539 -0.24133 -1.2332
2 -0.000232065 -1.65147
1.63406 -0.175393 -1.65587
0.844043 -0.0439671 0.136258
1.12828 0.125496 -0.150559
1.05668 -0.438569 -0.313003
0.675743 -0.207893 -0.44344
0.495638 0.0350671 -0.734447
0.364437 -0.295514 -0.451843
0.483886 0.276583 -0.352612
0.755029 -0.493068 -0.195057
0.470831 -0.614618 -0.459252
0.546382 -0.314221 -0.0589617
0.741118 -0.764812 -0.535373
-0.459598 0.147258 -4.30122
-0.681081 0.460891 -3.80226
-0.934902 0.335727 -4.05326
-0.710566 0.0947643 -3.67615
-1.03025 1.29906 3.54352
-0.781055 1.44548 3.98487
-0.795249 0.977396 3.9056
-0.522821 1.16238 3.57049
1.55643 -0.188953 -5
1.55643 0.188955 -5
1.13037 0.000641537 -5
1.31177 -0.0884765 -4.68937
-0.335861 -0.218288 -3.68294
-0.603432 -0.197505 -3.95048
-0.260183 -0.00952547 -4.03684
0.442564 1.2976 3.86803
0.101534 1.3013 3.65301
0.633121 1.12279 3.56768
0.445035 0.888836 3.76474
-0.630304 0.494348 -3.29439
1.18756 0.0785541 -2.12842
1.25039 -0.129894 -1.66762
1.26044 0.15468 -1.54493
0.905018 0.0961046 -1.80068
0.933573 0.00737613 -1.34773
0.664163 -0.193041 -1.75088
-0.106287 1.33145 3.93066
-0.348423 0.789707 3.82806
0.715735 0.36891 -1.47434
1.17252 0.421383 -1.82062
0.909217 0.488706 -2.07349
0.486291 0.56053 -2.02803
0.7425 0.104504 -2.11761
0.694406 0.787362 -2.43297
1.19386 0.722999 -2.29686
1.00394 0.432125 -2.39418
0.922089 0.744939 -2.82495
1.45161 0.41341 -2.17873
1.24538 0.404732 -2.67762
0.518471 0.445234 -2.52184
0.736151 0.34611 -2.76215
0.360778 0.76912 -2.71612
0.511431 0.494055 -2.95398
0.611299 0.254987 -3.14746
0.64361 -0.0982385 -2.96356
-0.0272437 -0.285859 4.34499
-0.195967 -0.179967 4.08052
0.193642 -0.0192281 4.12714
0.28877 -0.443997 4.05841
1.87005 -0.709171 -2.07009
1.98541 -0.241154 -2.07012
1.64741 -0.405943 -2.16564
0.370281 1.17558 4.24373
-0.042719 0.85608 4.00347
0.884334 0.433477 -3.11676
0.54511 1.01978 -2.99471
0.0872495 1.02727 -2.99195
-0.0157872 0.775444 -3.30104
0.446118 0.763269 -3.32469
0.17136 0.612517 -3.67213
0.63142 -0.126113 0.337284
0.692242 -0.452475 0.641901
0.307156 -0.357529 0.773588
0.245418 -0.196156 0.33905
0.132619 -0.0444964 0.771802
0.0399279 -0.311865 1.10583
0.504356 -0.634721 0.957518
0.0132429 -0.639739 0.995188
0.258054 -0.851627 0.762871
0.465581 -0.493198 0.439904
-0.456624 -0.218041 1.38079
-0.353805 -0.234291 1.89521
-0.598319 0.0926393 1.97871
1.33925 -0.121497 3.2553
0.843271 -0.0826129 2.90504
0.846681 0.340039 2.79421
-0.271048 1.31801 3.25129
-0.781232 1.45504 3.24208
-0.383898 1.63321 3.27629
0.627768 0.262791 2.47525
0.870326 -0.0312023 2.51521
1.15328 0.217462 2.85481
-0.242458 -0.673958 -1.53761
0.181383 -0.683036 -1.49156
0.0757074 -0.4751 -1.20815
0.0562773 -0.588997 -1.84087
-0.593245 0.176104 2.41068
-0.79748 -0.166369 2.74926
-0.794696 0.111199 2.98698
0.0151068 -0.0900832 2.57886
-0.20079 0.410525 2.57455
-0.0204424 0.141997 1.01865
-0.434593 -0.299309 0.947169
-0.266248 0.0571879 0.681866
-0.477869 -0.190216 0.470592
-0.619326 0.16487 0.25418
-0.549683 0.494897 0.457291
-0.123284 0.518156 0.948196
0.356205 -0.869758 1.85938
0.269292 -0.682497 2.16537
0.549103 -1.14674 2.2579
0.642459 -0.678272 2.17591
0.330652 -0.358063 1.91156
0.721781 -0.761876 1.63535
0.758573 -1.04349 1.93133
-0.795154 -0.383186 -2.26974
-0.295339 -0.637867 -1.97528
-0.293795 -0.892422 -2.13719
-0.756878 -0.830783 -2.36118
-0.445151 -0.470367 -2.4224
0.109762 -1.0251 -1.94566
-0.305732 -0.946003 -1.77528
-0.653544 -0.94258 -1.74204
-0.749573 0.331721 -2.9643
-0.166576 0.445603 -3.49479
1.14866 0.00711301 0.596089
-0.266668 0.949319 2.86669
-0.20797 1.06198 3.54604
0.0257334 1.20208 3.08901
0.77915 0.221156 1.08539
0.48154 0.020185 1.03144
-0.575081 0.401002 -0.0244782
0.730508 0.799571 2.90271
0.809211 0.478076 2.4637
0.368796 0.518722 2.60982
-0.707112 1.02725 2.88827
-0.524532 0.928211 3.21364
-0.620649 0.186719 0.822823
-0.768125 -0.114129 0.128054
-0.999976 0.856744 3.33068
1.20228 -0.325829 0.480053
0.902116 -0.167875 0.862903
1.00185 -0.67595 0.849804
0.64916 -0.34749 1.13783
0.777122 -0.905013 0.433759
0.83508 -0.570004 0.197274
0.598233 -1.05988 0.814058
0.406793 -0.589329 -1.64999
0.417157 -0.328254 -2.23069
0.600642 -0.617212 -2.28244
1.05932 -0.620061 -1.9887
0.787999 -0.500897 -1.62969
1.77092 -0.929428 -2.48862
1.64598 -1.13611 -2.07005
1.48961 -0.788832 -2.04432
-0.627839 -0.725357 -2.85422
-0.36076 -1.02632 -2.94756
0.698856 -1.06149 -2.31021
0.591476 -0.820005 -1.96754
1.01843 -0.29771 -2.1995
0.945122 -0.773636 -2.57817
0.610052 -0.416327 -2.5946
-1.02949 -1.32227 -2.40004
-0.536832 -1.16785 -2.57362
0.684833 -0.0340788 -2.55674
1.28523 -0.217303 -1.27641
1.25575 -0.0932245 -0.918521
1.61508 0.0266779 -2.01596
1.16456 0.377626 -0.950858
1.54898 0.653853 -1.33827
1.1316 0.469347 -1.38639
1.54815 0.639191 -1.7282
1.67321 0.209656 -1.72681
1.70425 0.0105644 -1.33789
1.22618 -0.308442 -1.90773
-2 2.44929e-16 5
-1.55635 0.188978 5
-1.65512 -0.25512 4.70576
-0.195636 -0.811385 -2.67142
1.55855 -0.545376 -1.60714
-0.0904887 0.597287 -2.55582
0.271382 0.9039 -2.40277
-0.622546 0.695206 -2.62665
-0.146678 1.06797 -2.54841
-1.01656 -0.110869 -1.79419
-0.774411 0.0375447 -2.3627
-0.678748 -1.45414 -2.13623
-0.0622575 -1.50861 -2.02481
-0.962673 -0.227706 -2.60083
-0.507642 -0.141584 -2.35786
-1.0852 0.179089 -2.41484
-1.19655 -0.0784414 -2.16208
-0.540382 1.20739 0.327534
-1.05106 1.33767 0.540272
-0.667799 0.842303 0.470509
-0.663304 1.18353 0.705492
-0.358001 0.928589 0.574588
-0.669475 0.793187 0.817532
-0.326323 0.889591 0.960276
-0.407834 1.45968 0.763679
-0.852635 1.48174 0.714396
-0.957467 0.973467 0.889922
-0.605661 1.6037 0.474401
-0.627367 -0.35097 -0.580514
-0.534779 -0.806197 -0.552002
0.793368 0.106063 -0.690972
0.62058 0.595608 -0.628317
0.885211 0.372259 -0.387075
0.155654 0.74596 -0.419304
0.146049 0.220818 -0.409547
0.606532 0.170659 -0.0885328
-0.71729 -1.52844 -2.54905
-1.46952 0.557846 5
-1.82883 0.809564 -0.714286
-1.6218 1.17037 -0.952381
-1.6218 1.17037 -0.47619
-1.38483 0.898108 -0.466282
-0.0752181 -1.22134 -2.36081
0.497482 -0.266009 -4.09332
0.0333525 -0.421208 -4.028
0.402864 -0.261363 -3.80224
0.125656 0.110247 -4.02382
0.268058 -0.173055 -4.3696
0.103501 0.206037 -4.35287
-0.188401 0.460896 -4.28079
-0.204205 0.370242 -3.95989
0.197076 0.506572 -4.15802
-0.12788 -0.222752 -4.39724
-0.303557 -1.15732 -0.538755
-0.689674 -1.0827 -0.633391
-0.457571 -1.13976 -0.942631
-0.989692 -0.643584 -0.691869
-0.810474 -0.843791 -0.37778
-0.909468 -0.357273 -3.76359
-0.697817 -0.720764 -3.5377
-0.819904 -0.195587 -3.47167
-0.315818 -0.387308 -4.11342
-0.330667 -0.570428 -3.78395
-1.95674 0.413731 3.33333
-1.64526 0.414708 3.59479
-1.67838 -0.0444214 3.30651
-1.5823 0.364091 3.24139
0.0765987 -0.788861 3.50655
0.299597 -0.553842 3.69571
0.422534 -0.252791 3.80384
-0.160917 -0.372467 3.7432
0.174689 -0.79916 -2.19635
0.67761 0.329491 3.23855
-0.883601 0.857189 -3.03869
-0.341579 0.804615 -2.96535
-0.499144 1.11981 -2.56389
-0.178698 1.23903 -2.94017
-0.507037 1.19383 -3.26462
-0.803704 0.839775 -3.45248
-0.43829 0.935737 -3.54733
-0.656996 -0.528737 -3.18003
0.161401 -0.634583 -3.50133
1.04194 0.670017 0.826651
1.09494 0.339213 0.711635
0.671527 -0.0477967 1.32872
1.05178 -0.358634 1.22702
0.798091 0.0781813 1.62663
0.660971 0.162917 -5
0.138735 0.260749 -5
0.234463 -0.122606 -5
0.319582 0.124227 -4.68922
0.640806 0.466307 1.18508
0.387007 0.160352 1.51523
1.09402 0.249858 1.42389
0.0148222 -0.490841 1.54602
-0.115019 -0.470549 2.09589
-0.405469 -0.554341 1.67582
-0.191784 -0.148027 1.56631
-0.700676 -0.365846 1.91139
-0.463241 -0.648638 1.96879
0.10342 0.0179243 1.82142
-1.39208 -0.245125 4.6965
0.30526 0.06904 2.34015
1.21716 -0.201082 2.70333
1.23359 -0.0852824 1.72706
1.23029 0.378993 1.89423
-1.46653 0.78578 -1.89272
-1.25734 1.01658 -2.14282
-0.859526 0.842327 -1.96255
-1.20603 0.582515 -2.23048
0.712875 0.527873 1.62759
0.412367 0.264939 2.02868
1.00067 0.121708 2.074
0.483792 -0.0188947 1.80167
-1.29282 -0.419607 -2.47245
-1.62872 -0.338962 -2.13842
-1.68902 -0.0769696 -2.41785
-0.921036 0.902578 -2.62742
-0.679857 0.98039 -2.26233
-1.68942 0.0313449 4.30132
-0.0953339 0.315828 2.0784
-0.859897 1.26431 -1.87709
0.0140768 0.236873 1.51085
-0.167591 0.554079 1.57963
-0.528572 0.00801264 3.97599
-0.631503 -0.809493 -0.927597
-0.0883547 -0.632911 -0.742714
-0.612506 0.416849 -0.883491
-0.912888 -0.169843 -0.706176
-0.122017 -0.832175 -1.13643
-0.929558 1.2686 -2.90113
-0.553381 1.08671 -2.90397
0.693729 0.606806 -3.56994
0.864533 -0.299104 -3.4145
0.416768 0.427533 -3.84491
0.482787 0.133816 -4.04591
0.758794 0.122955 -3.58914
0.65271 1.20675 -2.6051
-1.02155 1.25415 -2.35664
0.150158 1.2324 -2.72145
-1.34461 -1.48055 -0.238095
-1.25408 -1.07688 -0.0726775
-1.01153 -1.18713 0.221314
-1.02533 -1.13368 -0.241656
1.21405 -0.28109 2.09092
0.712754 -0.0811012 2.21693
1.01234 -0.517682 1.69243
-0.833789 0.428803 -2.07371
-0.123387 0.670788 -1.44423
0.40638 1.0084 1.5353
0.108183 0.84481 1.79026
0.219722 0.620693 1.45536
0.256913 0.564644 1.87074
0.763824 0.535938 2.05276
0.634632 1.01157 2.06866
0.340862 0.550373 2.25798
-0.169404 0.658333 2.01789
5.28483e-05 -1.02045 1.03425
-0.495351 -0.714346 1.02665
-0.196968 -0.582333 1.32448
-0.366117 -1.0668 1.34779
-0.439087 -1.12653 1.01127
-0.642201 -1.11165 0.73415
-0.811775 -1.06692 1.17245
0.0620251 0.31739 4.00363
0.680639 0.436592 3.62346
0.506246 0.0964974 4.03237
0.81732 -0.0250021 3.7145
0.0450859 -0.644326 2.81813
-0.0723213 -0.14354 2.21525
-0.605815 -0.30105 2.37508
-0.326582 -0.51823 2.45177
0.185643 -0.448512 2.41813
-1.68096 0.260353 -2.14172
-1.31491 0.10136 -1.6684
-1.30829 -0.335602 -1.92978
-0.925394 0.480511 -2.67964
0.283439 -0.47942 1.23972
0.145869 -0.181985 1.45191
0.554264 -0.300668 1.57505
0.31541 -0.727192 1.35465
-0.0997006 -0.881434 1.66476
0.388043 0.709293 -1.12806
0.923475 0.720893 -0.94146
0.789452 0.383052 -1.05172
0.663855 0.00838854 -1.19331
0.849088 0.880975 -1.2483
0.447678 -0.736678 2.50294
0.50447 -1.04341 2.76084
-1.94186 0.478711 5
0.923505 -0.922742 2.55467
0.742101 -0.65357 -3.68749
0.652413 -0.676143 -3.25538
0.615397 -0.599956 -2.88886
-0.61206 0.598302 2.89323
-0.822882 0.417171 3.29766
-1.20012 0.233425 2.4421
-0.903611 0.405072 2.55634
-1.22249 0.562158 2.22067
-0.834179 0.829 2.30703
-0.358466 0.661033 2.46868
-1.16252 0.271357 2.81345
-1.32478 -0.301901 3.23323
-0.950172 -0.406475 3.14802
-1.20726 -0.10378 2.85057
-0.311676 0.802032 1.32901
0.244771 1.6275 0.591279
-0.0381578 1.24616 0.709835
-0.115485 1.60588 0.34589
-0.103117 1.13336 0.312865
-0.570944 0.962056 1.71208
-0.169561 1.04771 1.75389
0.694836 -0.813708 3.92589
0.258981 -0.870099 4.01852
0.469465 -0.780389 3.50272
-0.571026 0.0289182 -0.325252
-0.252583 0.102515 -0.621611
0.563258 0.468938 3.97639
0.497505 0.328761 4.31861
0.540858 0.853713 4.38013
0.274734 0.658693 3.97011
1.10918 0.651528 4.00071
0.853759 0.235899 3.97359
1.87009 -0.709046 -1.23304
1.65033 -0.31622 -1.05915
1.66608 0.210819 1.65241
1.68493 -0.0505039 1.30279
1.31378 -0.0181786 1.23037
1.62201 0.340886 1.20615
1.41972 0.630734 1.43436
1.10632 0.530382 1.18023
0.813002 -0.674342 -0.812242
0.572494 -0.286225 -0.912418
0.970191 -0.347221 -0.615414
0.878349 -0.325456 -1.06377
0.795662 0.914935 -0.248156
0.550761 0.677806 -0.122447
0.754274 0.508974 -0.102189
0.861709 0.814328 0.0659099
1.10821 -0.539196 -1.25769
0.550472 -0.441233 -1.24636
-1.17899 0.690204 1.78773
-0.915147 -0.0937472 2.25037
-0.495965 0.552478 2.04591
-0.897546 0.761365 1.96724
-0.989955 -0.200848 -1.30906
-1.02063 0.458556 -1.33635
-1.0353 0.428066 -0.993763
-0.712433 0.870156 1.1509
-0.99808 0.610456 1.04219
-1.0551 1.15433 1.19266
-0.749073 1.21529 1.03978
-0.824933 1.11485 1.51612
-1.21242 -0.360569 -0.447587
-0.949242 -0.212461 -0.174371
-0.608931 0.333052 -0.514095
1.29407 0.0114236 -0.551148
1.11798 0.521054 -0.0845108
0.976994 0.809436 -0.584661
-0.508338 1.20035 2.46856
-0.397725 1.45972 2.90736
-0.124218 1.12317 2.50945
0.0836175 0.573138 2.4394
0.0266579 1.237 2.08987
-0.167458 1.48746 2.49635
0.234223 1.55462 2.47963
-0.398619 1.50735 2.13733
0.237273 0.993517 2.44509
-0.392966 1.0141 2.11377
-1.37036 0.132392 1.19215
-1.27057 0.314187 0.891341
-0.946165 -0.0961347 1.04181
0.396848 0.487682 2.95906
-1.27044 1.05657 -2.64653
-1.33939 0.687395 -2.69089
0.825159 -0.874328 -0.0994689
0.503553 -1.01881 -0.233795
-0.101333 -0.799259 3.15658
-1.09701 0.579219 -2.97963
1.25238 -0.866229 -0.449781
1.27545 -0.429128 -0.657919
1.26247 -0.907402 -0.0700922
1.12885 -0.539276 0.0451318
-0.686331 -0.358687 -2.78754
-1.02728 -0.58659 -2.81976
-1.03671 -0.193197 -2.99238
-1.86708 -0.716949 -4.58158
-1.6952 -0.245666 -4.7112
-1.54303 -0.64463 -4.35513
-1.43417 -0.797177 -4.686
0.822204 0.0951707 -3.94708
1.10227 0.0405575 -3.68807
0.941439 -0.266547 -3.97607
1.28866 0.104179 -3.35486
1.03132 0.0754419 -3.0814
1.06675 0.401708 -3.50247
-0.974303 -0.551288 2.14222
-1.18244 -0.23616 2.45994
-1.24479 -0.517658 2.37813
-0.842263 -0.565896 2.62653
-1.17833 -1.02961 2.50241
-1.15 -1.00964 2.8829
-1.1261 -0.500245 2.88248
-0.718036 -0.961038 2.88056
-0.503826 -0.636095 2.66576
-1.5825 0.0215605 -2.86093
-1.22655 0.266393 -2.73243
-1.07613 0.200346 -3.16671
-1.58229 0.425923 -2.97326
-1.58772 0.372515 -2.54143
-0.356233 -0.743808 -3.4199
1.49702 1.32625 -2.48859
1.32625 1.49702 -2.07002
1.13613 1.64597 -2.48859
1.04267 1.16676 -2.4404
0.44975 1.94878 2.06623
0.192052 1.99076 1.68093
0.704069 1.87197 1.65909
0.260733 1.5846 1.72917
-0.313412 0.520782 -0.477884
-0.120776 0.63239 -0.904587
1.34124 -0.245641 -3.36686
1.17441 -0.516716 -3.29362
0.973073 -0.63218 -2.97286
-1.31009 0.0773838 -1.25249
1.10035 -0.725336 -1.66859
-1.28148 -0.0025306 -3.70174
-1.06479 -0.15024 -4.02074
1.0608 -0.826396 -3.91364
0.79727 -0.631188 -4.00921
1.21807 -0.459674 -3.92506
1.46015 -0.766379 -3.66413
1.63889 -0.411423 -3.71085
1.21104 -0.340125 -3.68363
1.14823 -0.663425 -4.22183
1.19037 -0.764453 -3.65069
-0.978601 0.266095 0.217545
-0.876364 0.196061 0.545747
-0.952683 0.187014 -0.306839
-1.46952 -0.557846 -5
-0.852571 -0.69576 0.345295
-0.818342 -0.407139 0.637741
-0.945228 -0.61184 -0.0416994
-1.0535 -0.304083 0.268622
-1.23286 0.0290946 -0.0833305
1.2619 0.0241667 2.29639
1.68719 0.00147081 2.05307
1.63108 -0.228271 2.48336
1.64328 -0.404872 2.083
0.442177 -0.377108 4.41871
0.429632 -0.825519 4.3303
-0.0963479 -0.627304 3.96535
0.102731 -0.723585 4.32283
-1.6218 -1.17037 2.38095
-1.60618 -1.19171 2.87949
-1.33731 -1.48715 2.65454
-0.269453 -1.24914 -3.30558
0.127938 -1.1542 -3.01571
-0.0634696 -1.21858 -2.68112
-0.394518 -1.56567 -2.85567
0.0287896 -1.55304 -2.93357
-1.40317 0.15265 -4.65546
-1.69561 -0.0664439 -4.30164
-1.37604 -0.349611 -4.64483
0.35 -1.42394 -2.04575
0.311826 -1.05044 -2.54402
-0.141556 -1.04128 -0.869594
0.222764 1.4905 -2.46783
0.455316 1.51168 -2.11677
-0.0408749 1.40023 -1.99716
0.091449 1.02857 -2.12038
0.272745 -0.67085 -0.77084
0.204536 -1.09937 -0.526412
-0.250847 0.927414 -0.226708
0.384013 1.12791 -0.17828
-0.815597 -0.600749 1.20136
-0.221769 -1.49069 -1.45064
-0.49548 -1.1108 -1.28518
-0.630225 -1.42373 -1.19044
-0.137635 -1.25098 -1.22203
-0.127946 -1.57879 -1.0029
-0.452506 1.11929 -1.97996
-0.0291468 1.06276 -1.77662
-0.380729 0.805325 -1.25549
-1.95674 -0.413731 -1.90476
-1.95674 -0.413731 -1.42857
-1.82883 -0.809564 -1.66667
-1.67035 -0.321932 -1.68494
-1.00925 1.72668 1.90476
-0.614082 1.90339 1.67899
-0.627031 1.89917 2.14104
-0.799269 1.51088 2.14158
-1.08704 0.471942 -1.81553
0.817868 -0.717117 1.2455
-1.82883 -0.809564 -1.19048
-1.6218 -1.17037 -0.952381
-1.6218 -1.17037 -1.42857
-1.32651 -1.0839 -1.19046
0.577782 1.01646 -2.06269
0.509224 1.21161 -1.68913
0.260724 0.937606 -0.820393
0.614422 0.862824 -1.50339
1.28313 1.11577 -1.34685
0.997077 0.745705 -1.53744
1.38386 0.942932 -0.962344
-1.27191 1.03229 2.14277
-1.26881 1.00849 2.52335
0.694677 -0.961776 -1.65595
0.769148 -0.772038 -1.18466
1.19552 -1.10804 -1.98884
-0.60185 1.4526 1.67611
-0.702337 1.15565 2.00871
1.41591 -0.928155 -1.57364
0.983297 -0.865754 -3.26041
0.670614 -1.05326 -3.26114
0.85255 -1.03727 -3.58168
0.522508 -1.0236 -2.90695
0.426109 -0.859565 -3.16955
1.29084 0.862163 -1.81722
1.24972 1.12111 -2.0096
0.905502 0.826808 -2.07996
1.19025 -0.303392 3.62895
1.19044 0.163533 3.61368
-1.10667 -0.582597 -3.23533
-1.21383 -0.515897 -3.578
0.247227 -0.947286 -3.4983
-0.178726 -1.07578 -3.62476
-0.241073 1.98542 -2.48859
0.222898 1.98754 -2.46779
-0.145191 1.99472 -2.00424
0.0796212 1.66324 -2.07841
-1.60752 1.18991 -3.34595
-1.40076 0.964886 -3.58992
-0.984453 1.26096 -3.59046
-1.22887 1.04266 -3.26947
-1.30664 -0.208826 -0.999015
-1.68836 -0.12385 -0.47535
-1.18956 0.0571769 -0.812033
-1.59266 -0.505887 -0.773757
-1.44576 -0.813767 -0.452007
-1.51562 -0.270488 -0.00745511
0.0578133 0.426308 4.68825
-0.159174 0.158131 4.36734
0.0554901 0.641139 4.35276
0.182699 0.1103 4.51164
1.56418 -0.299576 0.965277
0.395623 -1.2567 -4.31263
0.342346 -1.00689 -4.17749
-0.0106422 -1.11038 -4.44602
-0.00418287 -1.35374 -4.20412
0.319436 -1.66556 -4.00192
0.0629675 -1.28786 -3.92293
-0.224377 -1.68763 -4.41253
-0.370319 -1.23183 -4.27523
0.200995 -1.74396 -4.30696
0.12489 -1.41797 -4.63329
0.399272 0.421471 4.67567
-0.259481 0.774175 4.42009
-0.612429 0.769537 4.18829
-0.707054 0.562057 3.60146
-0.752436 0.524159 4.01436
0.170556 0.847161 3.44239
-0.422207 1.19008 4.23032
0.90403 -0.957762 -4.3288
0.421494 -0.572788 -4.39201
0.878061 -0.486789 -4.38786
1.17632 -0.394539 -4.49701
0.743869 -0.130755 -4.34338
0.680259 -0.7404 -4.74671
1.21905 -0.699563 -4.61039
0.987026 -0.773359 -4.67226
0.800925 -0.371965 -4.70102
0.401442 1.48383 -2.90489
-0.0477034 1.65583 -2.77882
-0.240963 1.48835 -2.48872
-1.57222 0.212024 -0.474013
-1.57716 0.51392 -0.214919
-1.58607 0.212168 0.00480563
0.75543 0.960445 2.4147
0.457081 0.924108 2.68304
1.49704 1.32623 3.32575
1.32626 1.49701 2.90718
1.64598 1.13612 2.90718
1.14423 1.26959 3.31404
1.21496 1.17043 0.169754
0.959348 0.72374 0.371911
1.3843 0.889354 -0.0159733
1.24352 1.03118 -0.37199
0.638262 1.12531 0.709226
-0.638856 0.794796 -0.247687
-0.383093 1.29371 -0.355758
-0.381708 1.18233 -0.0207855
-0.0555081 1.18683 -0.367334
1.11304 -0.643983 3.26229
1.51158 -0.752064 3.60847
1.26287 -0.546995 3.87165
-0.737395 -0.803283 2.35394
-0.165423 -0.874946 2.44029
1.33928 0.220702 3.25539
1.21461 0.549081 3.255
1.26789 0.037504 3.99631
1.65508 0.0202798 3.65176
1.65714 0.409341 3.66187
-1.31889 0.241778 3.55158
-1.27468 0.186494 3.21909
-1.04838 -0.270791 3.59474
-0.65086 -0.382684 3.95526
-0.682499 -0.546453 3.44744
0.928551 -0.294084 -2.66319
-0.332595 -0.936936 2.85642
-0.222709 -1.08281 3.19342
-0.0835121 -1.16529 2.83359
-0.477831 -1.53876 2.8548
-0.547098 -1.16316 2.47122
0.449705 -1.94879 -2.06617
0.192018 -1.99076 -1.68091
0.704064 -1.87198 -1.65909
0.191963 -1.54852 -1.68075
-0.70921 1.87003 -5
-0.478631 1.94188 -4.58143
-0.929446 1.77091 -4.58143
-0.547267 1.30697 -4.66881
1.07322 0.22835 0.277429
-1.32008 -0.278405 -3.22474
-1.36386 -0.29768 -3.88221
-0.665708 -1.08473 -3.61757
0.393943 -1.27606 -3.23788
0.502253 -1.20233 -3.76572
-1.22753 -0.329669 1.9327
-1.31495 -0.101513 1.66843
-1.271 0.210366 1.96447
-1.60816 -0.326597 2.13622
0.787662 -0.561373 3.56662
0.860616 -0.220909 3.959
-0.235502 1.29714 1.18683
-0.401947 1.13127 1.44733
0.0185173 1.09548 1.05455
-0.455587 0.837315 0.0825779
-0.863426 0.677078 -0.00479021
-0.501556 -0.625924 3.78347
-0.274586 -0.870048 3.57074
-1.6226 -0.420836 -4.09274
1.25044 0.491013 0.484046
1.26178 0.45185 -0.38762
1.48136 0.62666 -0.0835458
-1.16026 0.969561 0.6026
-0.971225 1.25292 0.249012
-0.835343 1.02584 -0.0438545
-0.995037 0.70799 0.347797
-1.13275 0.511019 0.619798
0.755324 1.04054 3.97672
0.506584 0.638724 3.27155
-1.13533 0.818659 1.35356
0.302519 -1.30964 3.26838
0.670696 -1.11926 3.27033
-0.185078 1.03335 -0.737544
-0.542181 1.04133 -0.71295
-1.55635 -0.188978 -5
-1.94186 -0.478711 -5
-2 -2.44929e-16 -5
-0.75947 0.779766 -0.73486
0.917334 0.968523 4.27404
1.05515 0.0753403 -2.60607
-1.32625 -1.49702 4.58143
-1.03969 -1.17354 5
-1.13613 -1.64597 5
-0.977832 -1.41379 4.49918
-0.933099 0.471765 -3.6633
-1.11508 0.590675 -3.33957
1.27254 -1.12364 -3.64599
0.595813 -1.58724 -3.5954
0.575953 -1.59616 -4.38502
0.580428 -1.58858 -4.72445
0.523031 0.0626796 4.65515
0.783677 0.0349932 4.3681
0.795811 -0.447269 4.1977
0.765317 -1.52385 -3.21625
1.17027 -1.24248 -3.23281
-1.16155 0.0046627 0.579235
1.24493 -0.230835 -2.64159
1.45161 0.20266 -2.85661
1.60318 0.222559 -2.56491
0.972188 -0.727946 2.89795
0.871048 0.898996 1.29072
0.381733 0.944081 1.20629
-0.731881 0.838566 -1.41986
-0.637208 0.939992 -1.0673
-0.592718 0.978657 -1.69851
-0.166757 1.06508 -1.08673
0.068412 1.40001 -3.31456
0.434965 1.19604 -3.44275
-0.311976 0.686923 -3.7385
0.0461133 1.06347 -3.54438
-0.538261 0.698659 -4.31174
-0.113072 0.91336 -3.97153
-0.85218 0.900869 -3.92314
-0.432071 1.30448 -3.87984
0.699842 0.543758 4.36883
0.810915 0.814106 3.61945
1.1624 0.600649 3.62812
1.67905 0.139173 2.55823
1.23268 0.273797 2.47885
-0.0999944 -1.32097 3.45237
0.728645 -1.38824 -5
0.753718 -1.23587 -4.56912
0.670729 -0.91118 -5
0.413659 -1.15517 -4.66744
0.0818021 -1.04984 3.7794
0.35433 1.11926 0.203076
0.0326441 1.32412 0.0231724
-0.929446 -1.77091 4.58143
-0.70921 -1.87003 4.16286
-1.13613 -1.64597 4.16286
1.53435 -0.296498 -2.90566
1.57113 -0.581134 -2.51747
1.43785 -0.740913 -2.81252
-0.506971 -0.57269 -4.35866
-0.331732 -0.853651 -4.34038
-0.632633 -0.67656 -3.99518
0.434923 1.62969 -4.02614
0.187347 1.38432 -3.86566
0.512591 1.13211 -4.20678
0.596471 1.26644 -3.73383
1.09133 1.306 -3.99888
0.581391 0.940899 -3.85391
0.607575 1.59901 -3.59809
-0.0867588 -1.2509 -4.68822
0.217263 1.69259 -3.60672
-0.435247 -1.24011 -3.91892
-0.0799644 -0.857769 -3.97032
1.06166 1.13441 0.772727
-1.65392 -1.12452 4.56174
-1.10974 -0.915099 4.65051
-1.50617 -1.31585 4.16026
-1.5152 -0.830907 4.4668
1.54577 -0.167931 2.90136
1.55993 0.611322 2.53931
0.16504 -1.12383 -5
0.0543837 -0.879874 -4.69898
-0.217386 -1.6916 -3.66159
0.2171 -1.34054 -3.54054
1.14346 0.67367 1.69107
-0.618355 -1.55703 -3.64893
0.701763 1.0152 -0.962024
-1.49702 1.32625 -5
-1.29705 0.894158 -5
-1.03969 1.17354 -5
-1.19985 1.00294 -4.64447
1.08932 1.24037 -0.886578
0.392311 -0.736034 -3.90379
-0.0839983 1.62768 0.973906
0.324176 1.26654 1.00906
0.879223 1.33821 1.24089
0.227304 1.6175 1.22839
0.511413 1.47035 0.4556
0.683673 1.51031 0.953744
-1.56825 -0.446726 1.63889
-1.06376 -0.737194 1.64838
-1.50175 -0.767045 1.45677
-1.14184 -0.477609 1.28895
-1.53146 -0.195122 0.935575
-1.57123 -0.295576 1.26344
-0.848527 -0.47217 1.67324
0.442664 -1.44796 -2.91179
0.241414 -0.636514 -5
0.114065 -0.353935 -4.68335
0.370402 -0.855747 -4.64446
0.505817 -0.339501 -4.69624
-0.295985 -1.53659 -2.49652
0.164155 -1.48611 -2.47036
1.25808 -0.0215599 -4.19628
1.6895 -0.100187 -3.97753
1.58237 -0.379309 -4.32336
-0.148419 1.0967 -1.43561
-0.716396 0.00243263 5
-0.524168 -0.0207799 4.69401
-0.92623 -0.0535051 4.70204
-0.839881 0.330844 4.69043
0.774414 0.951505 1.77089
0.0525724 1.08068 1.39563
-0.962369 0.0776996 3.97414
-0.934025 0.303376 3.7046
-1.16772 0.668718 3.72856
-1.06667 0.454588 4.41327
-0.761057 0.0498969 4.34529
-1.10792 0.566139 4.06116
1.69337 -0.00646747 -3.61318
1.14897 0.705065 2.26029
1.62425 0.424473 2.14983
1.51096 0.799327 2.10362
1.58658 0.615275 1.78188
1.10561 0.710185 2.70735
0.32324 0.804123 -4.07411
1.68817 0.211459 -0.933008
1.65401 -0.394525 -0.532504
-0.247777 -0.421335 4.65971
1.23864 -0.0237842 -3.87148
-1.82883 0.809564 1.66667
-1.37898 0.98391 1.63018
-1.6218 1.17037 1.90476
-1.67119 0.59885 1.90309
-1.6106 -0.395868 4.12836
-1.95674 0.413731 1.90476
-1.95674 0.413731 1.42857
-1.51388 0.387871 1.66293
-1.56048 -0.188985 5
-1.46596 -0.555961 5
-1.95674 0.413731 -0.952381
-1.82883 0.809564 -1.19048
-1.57266 0.509619 -0.770912
-1.95674 0.413731 2.38095
-1.67698 0.247774 2.14111
0.929473 1.7709 4.58144
0.709242 1.87002 4.16287
1.13615 1.64595 4.16287
0.606198 1.56504 4.36325
0.361273 -0.922532 -1.32852
-1.94188 -0.478631 5
1.64597 -1.13613 2.90715
1.32625 -1.49702 2.90715
1.49702 -1.32625 3.32572
1.22196 -1.14069 2.85092
1.18502 1.21612 4.38985
1.1021 1.26575 4.07578
0.881959 1.27311 4.54774
-0.145356 1.99471 2.00423
0.0753813 1.66335 2.0645
-0.137727 1.6976 1.73822
-0.241073 1.98542 -4.16286
0.241073 1.98542 -4.16286
-3.36283e-14 2 -3.74429
0.101013 1.64847 -4.09218
-0.753229 -1.85274 -3.31313
-0.99364 -1.73571 -2.89903
-0.481822 -1.94109 -2.93352
-1.53229 0.716344 2.38093
1.32626 1.49701 4.58144
1.49704 1.32623 4.16287
1.64598 1.13612 4.58144
-1.00925 -1.72668 2.38095
-0.630225 -1.89811 2.14286
-1.00925 -1.72668 1.90476
-0.653896 -1.53513 2.00531
-1.34461 1.48055 1.66667
-1.6218 1.17037 1.42857
-1.34461 1.48055 1.19048
-1.95737 -0.410755 4.33541
-1.81263 -0.845203 4.09394
-0.241073 -1.98542 2.48859
0.222872 -1.98754 2.46778
-0.145883 -1.99467 2.00449
-0.0694926 -1.48835 2.01267
1.2903 0.890658 -5
1.22504 0.715914 -4.57626
1.14145 1.27475 -4.75509
0.931233 0.904356 -4.66213
-1.00925 1.72668 -1.42109e-14
-1.00925 1.72668 0.47619
-0.712036 1.50708 0.109409
1.49704 -1.32623 -5
1.32626 -1.49701 -4.58144
1.64598 -1.13612 -4.58144
1.2246 -1.31893 -4.7145
1.49702 1.32625 -4.16286
1.13613 1.64597 -4.16286
0.95223 1.41892 -4.39747
0.709242 -1.87002 -4.16287
0.929473 -1.7709 -3.74431
1.13615 -1.64595 -4.16287
0.666889 -1.50474 -3.98441
2 -3.4126e-06 -4.16287
1.94189 -0.478625 -4.16287
1.98542 -0.241077 -3.74431
1.49702 1.32625 -5
1.77091 0.929446 -5
1.64597 1.13613 -4.58143
0.929446 1.77091 -4.58143
1.32625 1.49702 -4.58143
1.29031 -0.890651 -5
0.582672 1.60273 -4.42618
0.77404 1.22461 -4.69769
-1.82883 -0.809564 1.66667
-1.82883 -0.809564 2.14286
-1.6218 -1.17037 1.90476
-1.51968 -0.687989 1.90607
1.26275 1.15161 -4.38483
1.01849 0.853614 -4.22359
1.28222 1.12725 1.21436
1.04268 1.17623 -5
1.4787 0.856463 -4.37825
1.39449 0.969687 -4.02947
0.145044 1.45609 4.64096
-0.0496514 0.961941 4.68963
0.396307 0.955481 4.67586
1.32625 -1.49702 2.07002
1.49702 -1.32625 2.48859
1.12274 -1.16533 2.13406
-0.815641 -0.91893 0.0526715
1.77091 -0.929446 3.32572
1.94188 -0.478628 3.32572
1.87003 -0.709213 2.90715
1.58829 -0.617802 3.21531
-0.0228705 -1.04143 -1.48002
-1.36592 -0.979621 3.63927
-0.815542 -0.890171 3.62065
-1.15864 -1.11154 3.2083
-1.14003 -0.630956 3.65422
0.709242 1.87002 2.48862
0.727857 1.46453 2.44981
0.499249 1.54689 2.79611
0.35726 1.66449 3.31049
0.852185 1.47833 3.30282
0.548182 1.53568 3.60801
0.309203 1.29631 3.26881
0.929473 1.7709 2.90718
0.771738 1.35587 2.91011
0.221877 1.98765 2.46784
-0.0493534 1.63308 2.91558
1.61585 0.397524 4.38274
1.32773 0.0455225 4.66617
1.70934 -0.000100087 4.50094
1.63769 0.527106 4.7049
2 3.4126e-06 4.16287
1.98542 0.241077 3.74431
1.98542 -0.241067 3.74429
1.66718 0.0922395 4.00996
1.94188 -0.478631 5
1.87003 -0.70921 4.58143
1.77091 -0.929446 5
1.46596 -0.555961 5
1.66329 -0.307975 3.97421
1.64084 -0.430155 4.50278
1.27311 -0.191021 4.27863
1.55643 -0.188955 5
-1.02841 -0.499345 -1.13177
-0.442524 1.61362 4.05431
-0.663174 1.57463 4.37774
-0.563741 1.47336 2.55149
-0.954799 1.38382 4.40138
-0.567574 1.29796 4.57323
-0.80146 -0.770648 -1.36417
-0.276858 1.66659 4.36865
-0.28884 1.58682 4.69515
-0.490057 1.93903 2.90851
-0.994774 1.73506 2.89669
-0.713754 1.8683 2.55896
-1.13608 1.646 4.16287
-0.241026 1.98542 4.16287
-0.478582 1.9419 3.74431
-0.209689 1.67312 3.61744
-0.0549915 1.59968 4.11884
-1.05947 0.619846 -4.34777
-0.96132 0.489095 -4.67225
-0.844699 0.207963 -4.41128
1.33789 1.48662 -0.0197436
1.64227 1.14147 -0.380136
1.63747 1.14834 0.0875752
-0.611525 1.59597 3.6439
1.77094 -0.929392 -1.65148
1.87082 -0.707123 0.428102
1.71949 -0.385951 0.209702
1.48353 -0.57917 0.0885059
1.65558 -0.350239 0.619483
-0.630225 1.89811 1.19048
-0.221877 1.98765 1.45052
-0.146666 1.57646 1.43473
1.98542 0.241067 -3.74429
-1.53059 0.714035 -3.35119
-1.3972 0.286115 -3.35461
-1.6241 0.396209 -3.63675
-1.25964 0.380475 -3.73983
-0.215058 -1.11421 0.699569
1.87004 -0.7092 -4.58144
1.77092 -0.929434 -4.16287
1.50336 -0.79946 -4.33632
2 0 -5
1.70739 0.0305333 -4.5404
1.13613 -1.64597 3.32572
1.1363 -1.26869 3.40677
1.82526 -0.817574 0.0625393
1.29828 -0.821183 0.354032
1.63978 0.0124618 0.415349
1.34038 -0.298993 0.165539
1.8657 -0.72053 -0.389008
1.94848 -0.451042 0.00645543
1.44202 -0.651603 -0.252646
1.40481 -0.974464 3.19161
1.98532 -0.241908 -0.396812
1.55838 -0.24687 -0.136881
2 -0.00264256 0.0227888
1.6215 0.0438587 -0.428531
1.64598 1.13612 3.74431
1.77092 0.929434 3.32575
1.40813 0.968399 3.36224
-1.82883 0.809564 0.714286
-1.40507 0.785391 0.95002
-1.82883 0.809564 1.19048
-1.53409 0.517916 1.23449
-0.00603468 1.70841 3.42067
-1.2693 -1.5456 3.23812
-0.753299 -1.85271 3.31316
-0.993653 -1.7357 2.89902
-0.831838 -1.42896 3.25967
-0.534971 -1.18562 3.91507
-0.417543 -1.29098 3.58319
0.43301 0.930449 3.05389
-1.49702 -1.32625 5
-0.550176 -0.690085 4.29768
-1.77091 -0.929446 5
-1.29705 -0.894158 5
-1.33845 -1.48612 3.72783
-1.64056 -1.14392 3.76571
-1.36602 -1.0376 4.02529
1.13615 -1.64595 -3.32575
1.32626 -1.49701 -2.90718
0.96246 -1.40044 -2.98632
-1.95478 0.422879 4.33725
-2 -2.44929e-16 4.52381
1.13615 -1.64595 -5
-1.40251 0.172375 -4.13479
-1.1779 -0.0462704 -4.41565
1.87004 -0.7092 -3.74431
-0.241073 1.98542 -3.32572
-3.36283e-14 2 -2.90715
-0.490011 1.93904 -2.90839
-0.372472 1.65051 -3.2553
-1.34173 -0.262579 3.91843
-1.54672 -0.644293 3.85714
-1.12565 -0.704573 4.09944
-1.17813 -0.060502 4.4157
-0.413285 -0.602691 -5
-0.205403 -0.528766 -4.71426
-0.417077 -0.38238 -4.72529
-0.467716 -0.881237 -4.70538
-1.25045 0.0603725 4.80577
-1.08697 0.312651 5
0.0379325 -1.19038 1.51449
-0.868987 -0.737204 5
-0.911451 -0.443002 4.70053
-0.241026 1.98542 5
4.42745e-05 2 4.58144
0.241114 1.98541 5
3.51094e-05 1.56786 5
-1.9516 0.437328 3.82922
-1.79245 0.887204 4.13059
1.64597 -1.13613 4.58143
1.39929 -0.703192 4.58074
-1.06755 -0.306679 4.15744
-1.51646 0.672382 3.84852
-1.6292 -0.394648 3.63159
-0.954143 1.17071 4.70164
-1.05397 0.927232 4.20927
-0.714492 0.925151 4.46851
1.49704 1.32623 5
1.29031 0.890651 5
1.04256 1.17612 5
1.22852 1.19842 4.73979
1.77092 0.929434 5
1.46597 0.555955 5
1.34557 0.732588 4.66834
0.478668 1.94187 4.58144
0.241114 1.98541 4.16287
0.137679 1.70716 4.35233
0.478668 1.94187 3.74431
4.42745e-05 2 3.74431
0.241114 1.98541 3.32575
0.19313 1.67546 3.60856
0.757254 0.642435 4.68647
0.823845 0.336424 4.69602
-1.62259 1.16927 3.78377
-1.60763 1.18976 3.34651
-1.33139 1.49245 3.73033
-1.31466 1.01408 3.62801
-0.502795 -0.189648 4.33731
-0.796756 -0.35007 4.39311
0.670729 0.91118 5
0.941415 0.931926 4.60353
1.36101 -0.909882 -0.906139
1.23219 -1.11529 -1.29653
1.50876 -0.731535 -1.07446
0.819733 0.423348 -4.63834
1.14296 0.324853 -4.50833
1.5788 0.455607 -4.70595
1.98542 0.241073 -4.58143
1.94188 0.478631 -5
1.32626 -1.49701 -3.74431
0.96906 -1.39657 -3.63488
-0.709159 -1.87005 -5
-0.728584 -1.38828 -5
-0.929395 -1.77094 -4.58144
-0.521959 -1.35084 -4.69075
-1.86705 -0.717034 4.5842
1.01347 -0.503807 -5
-1.36292 0.297243 3.88341
0.929446 -1.77091 1.23288
1.03237 -1.71295 0.752344
0.60481 -1.90636 0.92272
0.73047 -1.51708 0.941305
-1.11066 -0.232926 5
-2 -2.44929e-16 0.714286
-2 -2.44929e-16 1.19048
-1.95674 -0.413731 0.952381
0.628172 1.89879 -0.488357
0.987294 1.73932 -0.253196
0.550417 1.55565 -0.0207433
1.56595 0.372352 -3.59347
0.701044 -0.170816 -5
0.544774 -0.0374345 -4.70361
0.539666 -0.475052 -5
-0.0197637 -0.981107 2.08995
0.878394 0.0494138 -4.68749
-2 -2.44929e-16 -0.714286
-1.95674 -0.413731 -0.47619
-1.95674 -0.413731 -0.952381
-0.22394 1.98742 -0.47619
0.192033 1.99076 -0.714286
0.192033 1.99076 -0.238095
-0.0986047 1.58476 -0.47618
-0.478631 1.94188 -3.74429
-0.75217 1.85317 -3.31107
-0.6146 1.5711 -3.58394
-0.765904 -0.799738 1.84661
-1.5959 0.16408 -0.94153
-0.952011 1.75888 -3.71659
-0.838353 1.43937 -4.02442
-1.02839 1.71535 -2.37753
-0.711947 1.86899 -2.55873
-0.626731 1.89927 -2.14128
-0.798998 1.51078 -2.14161
-0.838444 1.43218 -3.14708
0.709242 -1.87002 -2.48862
0.222908 -1.98754 -2.46781
0.566745 -1.48125 -2.4975
-1.10746 -0.753441 -3.93135
-1.16132 -0.472722 -4.13391
0.241073 1.98542 -5
0.569426 1.59472 -4.74404
-0.283391 1.6908 -4.75959
-0.204428 1.68443 -4.41651
-0.240105 1.34804 -4.68626
-1.43483 -0.796817 3.12825
-0.375194 1.52229 -5
-0.728621 1.38825 -5
-0.402289 1.06285 -5
0.478631 1.94188 -4.58143
-3.00756e-14 2 -4.58143
-1.34461 1.48055 -1.66667
-1.34461 1.48055 -2.14286
-1.21502 1.09925 -1.66618
0.249715 0.93852 -4.64169
0.406141 1.27305 -4.53642
0.047226 1.24935 -4.28633
0.673048 0.679443 -4.69978
0.566295 0.878466 -4.40843
0.314389 0.560904 -4.64288
0.676004 0.587406 -4.20814
0.460483 1.18743 -4.71837
-1.00925 1.72668 -0.952381
-0.630225 1.89811 -0.714286
-1.00925 1.72668 -0.47619
-0.904092 1.41212 -0.767309
6.21554e-08 -1.56785 5
-0.174475 -1.07593 4.66749
0.166604 -1.50829 4.63278
-0.303375 -1.26221 4.40561
-2 -2.44929e-16 -1.19048
-1.68877 -0.243254 -1.17182
0.555306 -1.57474 4.71052
0.422669 -1.24187 4.53613
0.504671 -1.14997 4.749
0.160778 -1.12484 5
0.376662 -1.52601 5
0.597161 -1.57425 4.40087
0.417349 -1.63011 4.05255
0.134501 -1.25524 4.25552
-0.723796 -0.863565 3.96284
-0.375156 -1.5223 -5
-0.342473 -1.69612 -4.73189
-1.03486 -1.30745 -3.93783
-0.786467 -1.46166 -3.9918
-0.967504 -1.4019 -4.42422
-0.990656 -0.978152 -4.22493
-0.375763 -1.06814 -5
-0.955338 -1.22447 -4.69942
1.87255 0.702542 -0.423765
1.94827 0.451929 0.0172986
1.82666 0.81444 -0.0622291
1.70872 0.42226 -0.281775
-0.423052 -1.64196 -4.0303
-0.694908 -1.56016 -4.34723
1.77091 0.929446 -4.16286
1.94188 0.478631 -4.16286
1.87003 0.70921 -3.74429
1.58506 0.659877 -4.01028
0.241073 1.98542 -3.32572
0.0465623 1.70236 -3.2201
-1.29027 0.890708 5
-0.822563 0.77947 5
-1.08094 0.69081 4.66563
-1.27493 1.14624 4.43839
-1.34461 -1.48055 -0.714286
-1.00925 -1.72668 -0.952381
-1.34461 -1.48055 -1.19048
-0.920936 -1.28348 -0.9935
0.541859 1.56597 1.33981
-1.95674 -0.413731 -2.38095
-1.82883 -0.809564 -2.14286
-0.681546 1.46551 -0.474624
-0.855298 0.997961 -0.429899
-0.709159 1.87005 5
-0.478582 1.9419 4.58144
1.48134 -1.34374 0.81105
1.63602 -1.15041 0.379444
1.30967 -1.51155 0.436104
1.26841 -1.15505 0.388722
-0.929395 1.77094 4.58144
-0.945175 -1.31382 1.414
-1.17903 -1.15153 1.69009
-0.977552 -1.30412 1.87909
-0.614435 -0.940063 1.65508
-0.709159 1.87005 4.16287
1.77092 0.929428 2.48862
1.87004 0.709197 2.90719
1.4353 0.716674 2.84924
-1.64593 1.13619 4.58144
-1.38321 0.984963 4.12746
0.728645 1.38824 5
0.16504 1.12383 5
0.376691 1.52601 5
0.521195 1.52167 4.70506
1.32626 1.49701 3.74431
1.13615 1.64595 3.32575
-1.01154 1.35561 3.9137
-0.728584 1.38828 5
-0.375763 1.06814 5
4.42745e-05 2 2.90718
0.478668 1.94187 2.90718
-0.752161 1.85317 3.31106
-1.26919 1.54569 3.23832
-1.95674 -0.413731 2.85714
-1.95674 -0.413731 3.33333
-1.82883 -0.809564 3.09524
-1.51884 -0.503899 2.85046
-0.602723 0.316416 5
-1.95736 -0.41079 -4.3352
-1.59968 0.00263523 2.83823
-1.05829 -1.0887 3.92633
1.28633 0.910093 0.461448
1.52647 0.685501 0.541604
1.86476 0.722962 0.392665
1.54034 0.365534 0.203108
-2 -2.44929e-16 -0.238095
-2 -2.44929e-16 0.238095
-1.95674 -0.413731 0
1.61888 0.097935 0.0753857
-1.34461 1.48055 -0.714286
-1.34461 1.48055 -0.238095
-1.10891 1.16046 -0.652663
-1.95674 -0.413731 0.47619
-1.82883 -0.809564 0.714286
-1.82883 -0.809564 0.238095
-1.60068 -0.489159 0.659313
1.53148 0.642097 -0.653331
1.46597 -0.555955 -5
-1.33731 -1.48714 -2.65457
-1.34461 -1.48055 -2.14286
-1.00925 -1.72668 -2.38095
0.827052 -1.16844 -3.98154
-1.95674 0.413731 -1.90476
-1.82883 0.809564 -1.66667
-1.95674 0.413731 -1.42857
-1.57826 0.467964 -1.66607
1.49704 -1.32623 -4.16287
1.30604 -1.10893 -4.41042
3.51094e-05 -1.56786 -5
-1.6218 -1.17037 1.42857
1.17317 0.494229 -3.19635
1.53464 -0.640707 4.06316
1.08072 0.446125 4.39214
-0.614107 -1.90338 1.67928
-0.221907 -1.98765 1.45056
-0.261566 -1.71219 1.72255
1.77092 0.929434 4.16287
1.87004 0.7092 3.74431
1.50292 0.788781 3.65989
1.5669 -0.645376 -4.0116
1.40809 -0.968424 -3.2204
1.32274 -1.04074 4.34905
1.02221 -0.737943 4.25519
0.975782 -0.683702 4.64185
1.20629 -1.13577 4.70457
1.04256 -1.17612 -5
1.13615 1.64595 1.65149
0.709655 1.42894 1.66299
1.11757 1.26612 1.5626
-1.60619 -1.19171 -2.87956
-1.26923 -1.54566 -3.2382
-1.18586 -1.06451 -1.66614
-0.872946 -1.2388 -1.42067
0.826962 -1.40328 -2.07868
1.11829 -1.26233 -1.65577
0.97115 1.34684 -0.458474
0.664897 1.01197 -0.519335
-1.34056 0.782026 -0.948396
-1.34461 -1.48055 -1.66667
-0.24897 0.132116 -5
-0.0257976 -0.0156822 -4.71867
-0.338239 0.387867 -4.68799
0.704565 1.87179 -1.65576
0.929446 1.77091 -1.23288
0.502245 1.93591 -1.29868
0.560534 1.58016 -1.31229
1.31162 -1.50985 -1.20975
0.929474 -1.7709 -1.23293
1.03461 -1.7116 -0.74947
0.943153 -1.38915 -1.33865
1.00276 -1.2796 2.412
0.770853 -1.40349 2.12435
-1.52727 -0.673843 -1.90837
1.94191 -0.478537 -0.814924
2 -0.000768047 -0.81434
1.87002 -0.709238 2.06999
1.42428 -0.770557 2.11831
-0.50359 -1.42045 -1.66886
-0.561798 1.47367 -2.55124
1.98552 -0.240231 0.394736
-0.413285 0.602691 5
-0.633547 0.606591 4.69841
1.77091 -0.929452 2.48859
1.33966 -0.965476 2.51126
1.49433 -0.582278 2.47918
-0.0835703 0.717974 5
0.241414 0.636514 5
-0.134817 0.260684 5
-1.82883 -0.809564 1.19048
-1.47293 -0.739228 1.01337
0.403304 -1.62952 2.71356
-0.00167086 -1.60589 2.81638
0.163467 -1.486 2.47007
-0.405828 -1.64337 3.25961
-0.694423 -1.15521 3.24357
-0.467792 0.8814 4.70527
-8.75932e-15 -2 2.90715
1.31168 -1.5098 1.20956
1.13613 -1.64597 1.65145
1.02204 -1.22235 1.68344
0.74718 -1.52026 1.67672
0.97853 1.74427 0.237348
1.27865 1.13173 3.67101
1.35568 0.994445 4.05516
0.929446 -1.77091 2.90715
0.70921 -1.87003 2.48859
0.5601 -1.51953 2.48122
-0.601809 -1.45261 1.67644
-0.545693 -1.6552 1.43529
1.49704 1.32623 2.48862
1.35917 1.01478 2.61834
-1.83045 -0.805878 3.57047
-1.60999 -1.18656 3.33985
1.94188 0.478628 3.32575
1.59799 0.608032 3.35516
1.55643 0.188953 5
1.13037 -0.000641537 5
0.660971 -0.162917 5
0.701044 0.170816 5
0.91399 -0.227024 4.70333
-0.70921 -1.87003 5
-0.478631 -1.94188 4.58143
-0.728621 -1.38825 5
2 2.04675e-05 3.32574
1.98542 -0.241046 2.90714
1.69436 -0.192301 3.22033
-0.953656 -1.75799 3.71675
-0.939876 -1.30409 3.57584
0.223498 -1.68918 3.61332
0.0363038 -1.70429 3.21015
0.418192 -1.65408 3.30494
-0.241073 -1.98542 3.32572
-0.481862 -1.94108 2.93351
-1.02855 1.71525 2.37765
-0.630225 1.89811 -0.238095
-1.00426 1.37626 -0.120026
-1.34461 1.48055 0.238095
-1.22382 1.03011 0.00445206
0.539666 0.475052 5
0.234463 0.122606 5
1.23013 -0.23797 4.67756
0.821584 -1.48399 3.25984
-0.651683 1.55753 1.35556
0.67462 0.913254 -5
0.263018 0.690107 -5
0.538054 0.475493 -5
-1.07898 -0.60441 -1.70118
-0.960875 1.42802 1.23435
0.70921 1.87003 -4.16286
0.478631 1.94188 -3.74429
0.246697 -1.30152 -1.38865
0.671808 -1.16938 -1.10257
0.274754 -1.13596 -0.994182
-1.2147 1.15431 -1.12356
-0.921566 -0.707693 -2.0508
-0.969962 1.40625 -4.49316
-1.32625 1.49702 -4.58143
1.50468 0.80524 -2.20166
1.36304 1.01884 -2.55437
-1.12578 1.25914 -4.00395
-1.38361 0.959304 -4.06274
-0.870425 0.955822 -4.34335
1.39476 0.980642 -3.3416
1.43502 0.716382 -2.84933
1.58345 0.573621 -3.2128
-0.650836 0.844537 -4.67162
0.192604 1.9907 -1.68078
0.309372 1.59961 -1.59559
0.478631 1.94188 -2.90715
0.70921 1.87003 -2.48859
-1.34461 -1.48055 1.19048
-1.34461 -1.48055 1.66667
-1.00925 -1.72668 1.42857
1.77091 -0.929446 4.16286
1.87003 -0.70921 3.74429
1.64597 -1.13613 3.74429
1.13613 -1.64597 2.48859
0.931332 -1.37142 2.80323
-1.82741 0.812764 3.58418
-0.732026 -1.52877 2.56738
-0.863419 -1.33759 2.91256
2 7.16484e-05 2.4886
1.98543 -0.240989 2.06995
1.94189 -0.478625 2.48855
-0.082058 -0.675782 5
-0.24897 -0.132116 5
0.138735 -0.260749 5
-0.186441 1.69142 -3.60779
1.48068 0.845229 4.3716
-0.451647 1.60057 -4.06263
-0.22394 -1.98742 0.952381
0.160487 -1.99355 1.18499
-0.0783675 -1.64102 1.01935
0.478631 -1.94188 2.90715
1.32625 -1.49702 3.74429
1.27722 -1.13665 3.6888
-0.402289 -1.06285 5
0.929473 1.7709 2.07006
0.449942 1.46148 2.06653
-0.247661 1.98461 2.48705
1.64599 1.1361 1.23288
1.52672 0.640606 1.00028
0.726561 -1.45991 -1.57211
-1.07262 0.322414 -0.625853
-1.26954 0.11637 4.15259
-0.677606 -0.801029 4.66459
-0.611474 -1.30488 4.66112
-0.795346 -0.976344 4.28971
1.15918 -1.09043 -2.8584
-1.34461 -1.48055 2.14286
0.316767 1.66665 3.96983
1.6452 0.405614 -4.41382
1.68793 0.219814 -4.00916
-2 -2.44929e-16 -2.14286
-2 -2.44929e-16 -1.66667
1.94186 -0.478717 0.813753
2 0.000768047 0.81434
1.01074 0.501814 -5
1.77094 0.929392 1.65148
1.38535 0.963187 1.55242
1.87005 0.709171 2.07009
1.49703 1.32623 1.65149
0.929446 -1.77091 2.07002
0.449683 -1.94879 2.06614
0.63752 1.31388 -0.8822
1.08667 1.67903 -0.780813
0.55288 1.43623 -0.567547
1.2903 -0.890658 5
0.67462 -0.913254 5
1.01074 -0.501814 5
1.94188 -0.478635 1.6513
1.98545 -0.240812 1.23261
-1.66358 -0.255941 2.58735
0.623435 1.90035 -0.91966
0.190706 1.59056 -1.1845
-1.63623 -0.0216989 2.42258
1.33948 1.48519 -0.430779
1.64596 -1.13614 1.23293
1.77081 -0.929649 0.814409
1.40139 -0.928011 0.823945
0.904176 1.30908 -1.22487
0.929474 1.7709 1.23293
1.31163 1.50985 1.20976
-1.00925 1.72668 1.42857
-1.05688 1.31348 1.85983
1.94189 0.478625 4.16287
0.604901 1.90633 0.922693
1.03462 1.7116 0.749648
-1.17473 0.629437 2.76944
-0.22394 1.98742 0.952381
0.160503 1.99355 1.18498
-0.630225 1.89811 0.714286
-0.666649 1.46207 -1.67613
-0.932254 1.36358 -1.31011
-0.491433 1.1975 -1.42469
-1.69012 0.108096 1.42415
1.98541 -0.241097 -2.9072
1.94188 -0.478631 -2.48866
2 -7.16484e-05 -2.4886
1.66661 -0.180996 -2.58038
1.64599 -1.1361 -1.23288
1.47528 -1.35039 -0.816212
1.77102 -0.929232 -0.814266
-1.42249 1.0057 1.20986
-1.66234 -0.33722 -3.60209
-1.69698 0.0212937 -3.31729
-1.65057 0.0262258 -3.85677
-1.95674 -0.413731 -3.33333
-1.83046 -0.805868 -3.56959
-1.52725 -0.65698 -3.38624
-1.60999 -1.18657 -3.33886
-1.35991 -0.964521 -3.63867
-1.31646 -0.850817 -3.15198
-1.48234 -0.694157 -3.86304
-1.03548 -0.873846 -4.67897
-0.964426 -0.652284 -4.3513
-0.704127 -0.947175 -4.46911
-1.82883 -0.809564 -3.09524
-1.51495 -0.720611 -2.87322
-1.49532 0.813136 -1.38805
0.929473 -1.7709 -2.90718
1.07629 -1.26921 -2.59898
1.13615 -1.64595 -2.48862
1.38981 -0.672118 2.90081
-1.6218 -1.17037 -3.55271e-15
-1.34461 -1.48055 0.238095
1.77102 0.929232 0.814266
1.94191 0.478537 0.814924
1.29423 -0.526876 1.44618
0.834986 1.42856 4.04059
1.98541 0.241097 2.9072
1.94188 0.478631 2.48866
1.98541 0.241154 2.07012
2 0.000232065 1.65147
-0.164847 1.162 4.48646
-0.22394 1.98742 0.47619
0.192033 1.99076 0.714286
-1.6218 1.17037 -1.42857
-1.34461 1.48055 -1.19048
-0.241026 -1.98542 -2.48862
1.32894 0.326946 -3.9206
0.0180604 -0.640248 -4.31466
1.77092 -0.929434 -5
1.13083 -1.26733 -4.02937
0.19204 -1.99076 1.68093
-0.116562 -1.50234 1.41788
1.65418 -0.521158 -4.74235
-1.53622 0.386716 2.8616
-1.56984 0.325996 2.51956
0.502543 -1.93583 -1.30198
0.571531 -1.58301 -1.34181
-0.189469 1.59485 -1.43601
-0.959423 -1.22661 -1.98725
-1.26331 -1.08655 -2.03629
-0.979339 1.4935 -2.63709
-1.82883 0.809564 -2.14286
-1.6218 1.17037 -1.90476
0.306327 1.01361 -0.555769
0.271784 -1.64798 1.74301
0.202113 -1.54305 1.17872
1.86997 0.709363 -1.23277
1.94186 0.478717 -0.813753
1.77081 0.929649 -0.814409
0.322391 -1.7148 -2.68995
0.502527 1.93584 1.302
-1.13613 1.64597 -4.16286
-0.70921 1.87003 -4.16286
-1.49581 1.32761 -4.1667
-0.259232 -0.912655 4.13087
-1.46596 0.555961 -5
-1.48327 0.767814 -4.55437
-1.64597 1.13613 -4.58143
0.60313 1.90689 0.476456
-1.6218 -1.17037 0.952381
-1.6218 -1.17037 0.47619
-1.2898 -0.938639 0.466748
-1.13608 -1.646 -4.16287
-1.2248 -1.18101 -4.40327
-1.3262 -1.49706 -4.58144
-0.709159 -1.87005 -4.16287
0.70921 -1.87003 5
0.728621 -1.38825 5
0.929446 -1.77091 4.58143
0.206614 -0.896659 4.695
0.798019 -1.23873 4.60151
0.545467 -1.18749 4.18984
0.70921 -1.87003 4.16286
0.241073 -1.98542 4.16286
1.59651 0.172836 0.736166
0.478631 -1.94188 4.58143
0.70921 1.87003 -5
0.728621 1.38825 -5
0.715917 1.5479 -3.96336
-0.22394 -1.98742 -0.952381
0.160491 -1.99355 -1.18519
-0.221931 -1.98765 -1.45057
0.978518 -1.74428 -0.2366
1.33783 -1.48668 0.021088
1.33031 -1.49341 -0.414199
0.951076 -1.41476 0.0437274
-0.675365 -1.88252 2.60817
-0.295969 -1.53605 2.4968
-1.95674 -0.413731 1.90476
-1.70526 -0.24703 1.6553
-1.70154 -0.0841856 1.90358
-2 -2.44929e-16 1.66667
-2 -2.44929e-16 2.14286
0.41634 1.65566 -3.23503
0.173229 -0.990862 2.46993
-0.506574 1.52266 -2.96019
-1.9516 0.437345 -3.83095
-1.95674 0.413731 -3.33333
-2 -2.44929e-16 -3.57143
-1.13613 1.64597 -5
4.42745e-05 -2 -4.58144
-0.241026 -1.98542 -4.16287
0.241114 -1.98541 -4.16287
-0.224108 -1.54563 7.44872e-06
0.192042 -1.5484 0.238003
-0.102616 -1.61079 0.442367
-1.05816 -1.09667 0.718583
-0.803485 -1.45678 0.320294
-1.6218 -1.17037 -1.90476
-1.34461 -1.48055 0.714286
-0.814496 -1.50134 0.720798
-1.33085 1.49293 -3.73057
-1.26916 1.54572 -3.23834
-1.00925 -1.72668 -1.06581e-14
-0.672216 -1.45891 -0.00611629
-0.180235 -1.40551 3.88643
0.176224 -1.39522 3.88051
1.94188 0.478628 -3.32572
1.64598 -1.13612 -3.74431
-0.0321869 -0.0347429 4.69496
1.87004 0.7092 4.58144
1.56291 0.567546 4.07395
0.709242 1.87002 5
1.13615 1.64595 5
1.01347 0.503807 5
1.98542 -0.241073 4.58143
1.94188 -0.478631 4.16286
1.13613 -1.64597 4.16286
1.49702 -1.32625 4.16286
1.10678 -1.27536 4.02323
-1.6218 -1.17037 -0.47619
-0.241073 -1.98542 5
-0.375194 -1.52229 5
1.13613 -1.64597 5
1.32625 -1.49702 4.58143
-0.894103 -1.3255 2.30192
-0.241026 1.98542 3.32575
0.709242 1.87002 3.32575
1.98542 0.24107 4.58144
-0.855285 -1.35688 3.9808
-3.1852e-14 -2 4.58143
-0.241073 -1.98542 4.16286
-0.194112 -1.66506 4.40726
-2.82992e-14 -2 3.74429
0.241073 -1.98542 3.32572
1.94189 0.478621 1.65164
-0.651094 -0.338643 5
-0.994603 1.73516 -2.89657
-1.00925 -1.72668 -1.42857
-1.82883 -0.809564 -0.714286
1.13615 -1.64595 -1.65149
-1.6218 1.17037 -2.38095
1.2801 0.373779 4.69343
-0.630225 -1.89811 -2.14286
-0.675352 -1.88252 -2.60818
-0.716396 -0.00243263 -5
-0.651094 0.338643 -5
-0.527308 0.0365452 -4.69744
1.35466 -0.971225 -4.05893
-1.95674 -0.413731 1.42857
1.64266 1.14091 0.452627
1.13613 1.64597 -5
0.106954 -1.58512 -0.612325
0.189972 -1.59396 -1.17109
0.706475 -1.2177 -0.685267
-0.082058 0.675782 -5
0.0576387 0.524481 -4.63092
0.513922 -1.47771 -0.926423
-0.161547 0.893113 -4.6616
-1.13756 0.568161 3.36699
-0.939332 1.37076 2.65353
-1.14987 1.00946 2.88394
-1.18217 1.1372 3.12166
-1.05446 -0.542985 4.41064
1.49704 -1.32623 -2.48862
1.35207 -0.966674 -2.42662
-2 -2.44929e-16 -3.09524
-1.95674 -0.413731 -2.85714
-1.77088 -0.929513 -5
-1.65351 -1.12513 -4.56171
-1.49698 -1.3263 -5
-1.29027 -0.890708 -5
-0.211669 1.32494 -3.57254
-0.0056942 -1.69884 -4.02935
-1.50613 -1.31589 -4.16025
-1.3395 -1.48517 -3.72789
-0.0835703 -0.717974 -5
0.0423564 0.77026 -4.32032
-1.81258 -0.845314 -4.09343
-1.39138 -0.966028 -4.02252
-1.08697 -0.312651 -5
-2 -2.44929e-16 -4.52381
-0.478582 -1.9419 -4.58144
-1.13608 -1.646 -5
4.42745e-05 -2 -3.74431
0.478668 -1.94187 -3.74431
0.168596 -1.62933 -3.64376
0.974742 -1.40533 -4.40245
-1.95674 0.413731 -2.85714
-1.82883 0.809564 -2.61905
-1.95674 0.413731 -2.38095
-1.64123 -1.14296 -3.76562
0.323543 -0.978749 0.296467
0.963595 0.892009 -3.28823
1.12111 0.742583 -3.88003
1.98542 -0.24107 -4.58144
0.449785 1.94877 -2.06621
-0.852593 -1.34579 -0.434466
0.709242 -1.87002 -5
0.929473 -1.7709 -4.58144
-1.15029 -1.07555 -0.7077
0.241114 -1.98541 -5
0.942203 1.40367 -2.19849
-1.00925 1.72668 -1.42857
1.49702 -1.32625 5
1.04268 -1.17623 5
-0.145869 -1.99467 -2.00452
1.35498 -0.962632 4.07368
1.05882 -1.34003 4.33521
-1.69196 0.124973 -1.4538
0.34984 -1.42359 2.04573
0.929446 -1.77091 3.74429
0.970538 -1.40828 3.59895
0.538054 -0.475493 5
0.300795 -0.191405 4.70548
-0.338092 -1.14541 -0.00962125
1.06124 -1.21292 -0.818388
1.21909 -1.1362 -0.359387
-0.417159 1.59277 -0.770774
-0.22394 1.98742 -0.952381
-0.630225 1.89811 -1.19048
-0.0990493 1.58044 -0.949679
0.860666 1.0475 -3.61774
-0.695842 1.54446 -1.10144
-1.281 -1.04653 2.14923
1.64598 1.13611 2.07005
-2 -2.44929e-16 4.04762
-1.69667 0.00169894 3.81746
-1.95674 -0.413731 2.38095
-1.95616 -0.416459 3.81445
-0.630225 -1.89811 1.19048
0.2508 1.62457 0.22118
-1.22005 0.46928 0.00372771
-0.956513 0.587107 -0.440109
-1.95674 0.413731 0.47619
-1.82883 0.809564 0.238095
-1.6043 0.571185 0.502577
0.192033 1.99076 0.238095
0.599699 1.90797 -1.42109e-13
-1.65311 0.167295 -4.78495
-0.22394 -1.98742 -3.37508e-14
0.192033 -1.99076 0.238095
-0.630225 -1.89811 0.238095
-0.22394 -1.98742 0.47619
-0.430269 -1.54614 0.696637
-1.42627 -0.795032 -0.936912
0.192033 -1.99076 0.714286
-2 -2.44929e-16 -4.04762
-1.95616 -0.416475 -3.81474
1.49704 -1.32623 -3.32575
0.241114 -1.98541 -3.32575
-0.134817 -0.260684 -5
-0.478582 -1.9419 -3.74431
-0.953319 -1.75818 -3.71677
0.709242 -1.87002 -3.32575
0.386012 -1.6557 -3.2348
-0.827004 -0.473486 -4.68955
-0.755409 -0.193198 -4.36438
-0.241026 -1.98542 -3.32575
1.65845 -0.396397 3.60051
1.64597 1.13613 -2.07002
1.77089 0.929489 -1.65146
-0.478631 -1.94188 3.74429
0.478631 -1.94188 3.74429
-0.478923 -1.60014 4.06515
1.56632 0.28741 2.87575
-1.34369 -0.386178 -1.45164
-0.270415 1.13929 -4.32769
-1.4932 -0.77317 -1.42941
1.6942 0.222589 3.26099
0.929446 1.77091 -2.90715
1.32625 1.49702 -2.90715
0.98229 1.42344 -2.67587
1.13613 1.64597 -3.32572
0.816764 1.47472 -3.28241
1.06218 1.24329 -1.62766
-0.454182 1.49267 -2.13351
0.70921 1.87003 -3.32572
-0.630225 -1.89811 0.714286
-1.82883 -0.809564 -2.61905
-1.56731 -0.384239 -2.77502
-1.82883 0.809564 3.09524
-1.51573 0.749255 3.34992
0.502496 -1.93585 1.30198
0.54201 -1.56603 1.33974
1.13615 1.64595 2.48862
0.962989 1.39113 2.15279
-1.34461 1.48055 0.714286
1.08777 1.37152 2.69685
-0.0102104 -1.57836 -3.26936
0.599699 -1.90797 -1.06581e-13
0.603146 -1.90689 -0.476441
0.472722 -1.59746 -0.306893
0.779336 -1.48564 3.97611
0.60757 -1.59899 3.59807
0.0406893 -1.70176 4.00385
-1.82883 0.809564 -0.238095
-1.6218 1.17037 -3.55271e-15
-1.58435 0.194485 0.471422
-0.237869 -1.67326 3.75438
0.860313 -1.0476 3.61809
1.07786 -0.840406 3.87492
0.993458 -1.21353 1.18057
1.33027 1.49345 0.414514
-1.4072 0.804502 0.237616
-0.22394 1.98742 -4.44089e-14
1.32626 -1.49701 -2.07006
1.49703 -1.32623 -1.65149
-0.614105 -1.90339 -1.67929
-0.187277 -1.67977 -1.77223
1.98539 0.24133 1.2332
-1.43932 -0.784712 -2.38774
1.77091 0.929446 -3.32572
1.64597 1.13613 -3.74429
1.46009 0.801313 -3.61794
2 0 5
0.650782 -0.696507 4.68375
0.929473 -1.7709 -2.07006
0.617289 -1.44188 0.147236
0.538641 -1.15762 1.27507
0.604887 -1.90633 -0.922701
0.192033 -1.99076 -0.714286
-0.822563 -0.77947 -5
0.966071 0.287446 -4.08995
0.476111 -1.26654 1.64426
-1.73808 0.0700998 0.945481
-0.619884 -1.56035 3.56508
1.98527 0.24227 0.401436
1.56576 -0.680209 -0.625335
-1.08292 -0.941156 -1.23708
1.98552 0.240231 -0.394736
-1.37668 0.818593 -3.07822
-1.7922 0.887713 -4.13071
-1.62219 1.16982 -3.78384
-1.54445 0.609134 -3.90173
1.63747 -1.14834 -0.0875752
1.64597 1.13613 -2.90715
1.06353 1.09161 -2.80249
1.87003 0.709213 -2.90715
-0.630225 1.89811 0.238095
-0.300104 1.5858 6.74802e-05
-0.630225 -1.89811 -0.714286
-0.630225 -1.89811 -1.19048
-0.543619 -1.56185 -0.722354
-1.6218 1.17037 0.952381
1.55993 0.611271 -2.59564
0.478668 -1.94187 -4.58144
0.376691 -1.52601 -5
-0.735906 -1.01428 -3.98067
0.573289 0.210375 -4.3614
-0.953962 -0.764606 3.18728
-0.602723 -0.316416 -5
-1.95479 0.422829 -4.33685
-0.951912 1.75894 3.71659
-2 -2.44929e-16 3.57143
0.929473 1.7709 3.74431
0.836376 0.953634 3.25933
-1.33922 1.48543 2.65606
-0.235923 0.514616 4.70399
-0.241026 -1.98542 -5
0.317351 1.12463 -1.18296
-0.968239 -0.0363431 -4.69499
0.241073 -1.98542 5
-1.6218 1.17037 0.47619
-1.47722 0.872334 0.569188
0.29028 -1.49028 0.680284
-1.65305 -0.184478 0.3522
-1.82742 0.812734 -3.58421
-1.82883 0.809564 -3.09524
0.752701 -0.926787 4.33762
-1.00925 -1.72668 0.952381
-1.00925 -1.72668 0.47619
-0.50832 -1.40079 1.20959
0.704043 -1.87198 1.65905
1.18426 1.06838 2.1289
4.42745e-05 -2 -2.90718
-2 -2.44929e-16 -2.61905
-1.86454 0.723534 4.59297
-1.49698 1.3263 4.16287
-1.03685 0.783617 -1.19058
-1.05324 -1.25556 -3.58536
0.929446 1.77091 -2.07002
0.738805 1.52638 -1.69562
-1.18158 -0.613006 0.719164
-0.781171 -0.75565 0.761217
-1.6218 -1.17037 -2.38095
-1.00925 1.72668 -1.90476
-1.18975 -1.04791 -2.4812
-1.3262 1.49706 4.58144
-1.13608 1.646 5
0.953522 1.33778 3.6641
-1.95674 0.413731 2.85714
-0.385291 -1.61622 -3.29766
1.49702 1.32625 -3.32572
1.15804 1.24649 -3.25453
-0.545482 -1.6554 -1.4354
-0.61407 1.9034 -1.67903
-0.182268 1.70345 -1.75093
2 -2.04675e-05 -3.32574
1.98542 0.241046 -2.90714
1.69668 0.199326 -3.19839
1.94188 -0.478628 -3.32575
1.64598 -1.13612 -2.90718
0.176298 1.46664 -0.713587
0.248279 1.58703 -0.239219
-1.11066 0.232926 -5
-0.868987 0.737204 -5
1.77092 -0.929434 -3.32575
1.59985 -0.605856 -3.24595
1.32626 1.49701 2.07006
-0.799122 -1.5107 -1.73288
-1.00925 -1.72668 -1.90476
1.64314 -1.14022 -0.452559
1.98545 0.240812 -1.23261
-1.0103 1.29127 2.36448
-1.00925 -1.72668 -0.47619
-2 -2.44929e-16 2.61905
-1.44163 -0.590896 0.221228
1.47527 1.3504 0.816276
-0.241073 1.98542 -5
1.68901 -0.191113 -3.25641
1.29444 1.14651 -3.67958
1.94189 -0.478625 -5
1.94189 0.478625 -2.48855
1.98543 0.240989 -2.06995
-1.95674 0.413731 0.952381
-1.95674 0.413731 0
-1.95674 0.413731 -0.47619
-0.383904 -1.12762 2.03757
-1.60631 1.19154 -2.88069
-1.3392 1.48544 -2.65607
0.162358 1.9934 -1.18394
-1.49698 1.3263 5
-1.04196 1.17688 5
1.32625 1.49702 -3.74429
0.964866 1.40805 -3.61324
-1.82883 -0.809564 2.61905
-1.60124 -0.6629 2.40674
0.929446 1.77091 -3.74429
-1.1408 -1.02614 1.1873
0.766274 1.3684 -2.92429
-0.410957 0.588634 -5
1.87004 -0.709197 -2.90719
1.03945 1.097 2.90619
-1.44301 0.792743 2.95391
-1.24939 -1.25984 0.952251
1.37635 0.937566 0.884255
-0.824617 -1.43305 1.1151
1.87009 0.709046 1.23304
0.978533 -1.74427 0.237349
0.192033 -1.99076 -0.238095
0.137366 -1.56676 -0.180615
-1.56048 0.188985 -5
-1.94188 0.478631 -5
-1.86447 0.723701 -4.593
-1.82883 -0.809564 -0.238095
-1.60631 1.19154 2.88045
-1.54157 0.494017 -1.19178
0.347606 -0.615787 4.67443
-1.82883 0.809564 2.14286
0.263018 -0.690107 5
0.0707332 -0.537792 4.69387
0.70921 -1.87003 3.32572
0.592794 -1.48354 0.479221
-1.82883 0.809564 2.61905
-1.6218 1.17037 2.38095
0.518142 -1.22167 3.74957
-0.56808 0.544553 4.35823
-1.30475 1.15061 0.342984
-0.377428 -1.47509 -0.424398
-1.57508 0.63676 -2.38098
-0.22394 -1.98742 -0.47619
-0.221701 1.98767 -1.4505
1.77091 0.929452 -2.48859
1.03562 -1.20289 0.700064
-0.375156 1.5223 5
1.94189 0.478625 5
-1.34461 1.48055 2.14286
-0.410957 -0.588634 5
-2 -2.44929e-16 3.09524
1.49702 1.32624 -1.65145
1.13613 1.64597 -1.65145
0.933321 -1.37931 0.452355
-0.630225 -1.89811 -0.238095
1.87003 0.70921 -4.58143
-1.00925 1.72668 0.952381
-1.5089 -0.571023 -0.283846
1.94188 0.478635 -1.6513
1.03971 -1.02423 0.153657
0.599699 -1.90797 0.47619
1.46596 0.555961 -5
1.87002 0.709238 -2.06999
0.806446 -1.29712 -0.233158
0.478668 -1.94187 -2.90718
1.32473 1.49836 -1.22982
1.49705 1.32621 -0.814356
1.64596 1.13614 -1.23293
-1.77091 0.929446 -5
-1.77088 0.929513 5
-1.04196 -1.17688 -5
