453
25369 7
12917 7
19566 7
35529 7
29667 7
25058 7
25060 7
28202 7
25135 7
25134 7
20622 7
25473 7
19471 7
19889 7
25253 7
25252 7
19478 7
19477 7
24121 7
35733 7
36424 7
30713 7
25073 7
27914 7
27913 7
19459 7
19458 7
27915 7
19577 7
19586 7
8121 7
15977 7
10702 7
10704 7
29655 7
29645 7
5368 7
5369 7
5311 7
17450 7
19438 7
19444 7
24344 7
19431 7
17355 7
17351 7
17353 7
17360 7
24104 7
27430 7
24115 7
19488 7
19547 7
19503 7
34720 7
34156 7
12921 7
12920 7
26337 7
27947 7
28704 7
25126 7
12937 7
12936 7
28697 7
12956 7
12955 7
28629 7
25080 7
19536 7
19522 7
35633 7
34765 7
29659 7
24122 7
42865 7
18230 7
35169 7
25089 7
19428 7
11845 7
11846 7
19647 7
19460 7
20620 7
15537 7
15538 7
19587 7
11864 7
25251 7
2815 7
19463 7
19464 7
12918 7
11477 7
11324 7
11910 7
19508 7
25059 7
31519 7
27916 7
25136 7
19610 7
20621 7
19569 7
15237 7
8123 7
25261 7
27937 7
2816 7
5370 7
5380 7
5313 7
29668 7
19441 7
19442 7
28203 7
19433 7
17357 7
133 7
17361 7
24105 7
29319 7
19557 7
14325 7
14321 7
19548 7
6343 7
13437 7
12922 7
6422 7
22759 7
25125 7
28702 7
25121 7
12938 7
26524 7
25803 7
12957 7
28630 7
30347 7
24307 7
13674 7
9000 7
13675 7
13676 7
12945 7
10153 7
13812 7
13813 7
27950 7
19660 7
26529 7
14104 7
25116 7
25115 7
6429 7
6421 7
25442 7
25441 7
24120 7
19421 7
19422 7
29654 7
29320 7
24505 7
134 7
135 7
6284 7
17958 7
17773 7
23593 7
19570 7
19942 7
20611 7
31520 7
36306 7
6290 7
11912 7
11911 7
20253 7
10705 7
2817 7
27938 7
23595 7
19620 7
23521 7
19603 7
19451 7
15539 7
19611 7
29193 7
20613 7
19612 7
26984 7
19645 7
17957 7
9103 7
11847 7
19509 7
11157 7
19429 7
8750 7
8752 7
33197 7
27061 7
11159 7
27935 7
19512 7
9105 7
17782 7
9104 7
32113 7
34211 7
28012 7
21125 7
19590 7
19604 7
11858 7
11859 7
25055 7
19624 7
25259 7
25443 7
20250 7
19685 7
6291 7
6292 7
31518 7
20612 7
19718 7
25476 7
19943 7
23594 7
25107 7
17774 7
24144 7
11158 7
11855 7
18120 7
6199 7
18593 7
18592 7
25174 7
24509 7
11091 7
11089 7
35280 7
6431 7
6430 7
26343 7
14086 7
14084 7
19661 7
11871 7
30459 7
33776 7
10155 7
10154 7
13678 7
24550 7
11816 7
876 7
11090 7
31346 7
3066 7
19816 7
9605 7
9607 7
19668 7
14085 7
25187 7
31357 7
26338 7
19709 7
32578 7
25175 7
11268 7
17961 7
17962 7
11856 7
23600 7
19738 7
19750 7
19719 7
19665 7
19663 7
25154 7
11817 7
11860 7
25104 7
19591 7
19592 7
28011 7
32559 7
31360 7
15935 7
27066 7
17783 7
18067 7
33258 7
19786 7
17401 7
27529 7
19787 7
16470 7
19066 7
33260 7
17414 7
19936 7
17413 7
19725 7
19724 7
15965 7
16721 7
7898 7
22754 7
19664 7
19935 7
20616 7
19751 7
11776 7
19739 7
17785 7
18337 7
18333 7
19630 7
11270 7
11269 7
27961 7
19708 7
29708 7
22756 7
9488 7
9486 7
14205 7
9606 7
19792 7
3067 7
2972 7
33547 7
19656 7
11257 7
14242 7
13815 7
9487 7
10813 7
22757 7
19695 7
33363 7
24546 7
19783 7
18334 7
33540 7
19608 7
10979 7
19472 7
25757 7
28206 7
22753 7
15966 7
10769 7
10771 7
19728 7
10980 7
19474 7
19727 7
23394 7
18335 7
26776 7
16471 7
16472 7
2970 7
7899 7
17402 7
23601 7
16485 7
24888 7
16484 7
28008 7
19764 7
19729 7
23602 7
10770 7
16724 7
25156 7
19800 7
19473 7
25758 7
10981 7
33950 7
19059 7
24887 7
22956 7
15968 7
19706 7
19705 7
10815 7
10814 7
13817 7
13816 7
14082 7
33386 7
33548 7
27969 7
31359 7
7900 7
2971 7
25183 7
9594 7
14083 7
19830 7
5637 7
5636 7
11084 7
15969 7
15970 7
24521 7
19599 7
30014 7
19801 7
25213 7
23603 7
21525 7
21526 7
23765 7
11085 7
25182 7
24897 7
11086 7
23956 7
19722 7
24051 7
19721 7
23966 7
5635 7
10987 7
19831 7
24896 7
19080 7
28003 7
24886 7
14634 7
14632 7
16930 7
10989 7
11765 7
14633 7
11766 7
10988 7
11767 7
16931 7
19822 7
