100
80 3
199 3
268 3
357 3
78 3
83 3
87 3
409 3
92 3
15 3
13 3
100 3
102 3
106 3
108 3
112 3
435 3
433 3
119 3
429 3
427 3
127 3
129 3
131 3
133 3
137 3
141 3
442 3
443 3
447 3
453 3
463 3
421 3
422 3
166 3
479 3
480 3
416 3
417 3
487 3
183 3
494 3
495 3
216 3
207 3
204 3
192 3
190 3
195 3
193 3
198 3
201 3
269 3
275 3
281 3
572 3
567 3
560 3
556 3
550 3
551 3
506 3
507 3
510 3
515 3
516 3
517 3
526 3
534 3
538 3
543 3
548 3
554 3
563 3
565 3
577 3
579 3
582 3
585 3
596 3
407 3
408 3
336 3
617 3
618 3
339 3
402 3
403 3
623 3
346 3
628 3
370 3
364 3
362 3
349 3
347 3
352 3
354 3
356 3
359 3
