1443
1.48817 -0.188
1.58822 -0.150062
1.49704 -0.0941858
1.57566 -0.249612
1.53197 -0.445067
1.55688 -0.347987
1.45287 -0.373035
1.21353 -0.881678
1.31941 -0.896777
1.26649 -0.80374
0.956136 -1.15577
1.05502 -1.19664
1.02682 -1.09345
4.28571 3
4.40816 2.77006
4.53061 3
-6 -2.5
-5.76836 -2.37646
-6 -2.25
-1.48817 -0.188
-1.57566 -0.249612
-1.47343 -0.281072
-1.47343 0.281072
-1.57566 0.249612
-1.48817 0.188
-1.39466 0.552187
-1.50097 0.540418
-1.42658 0.463525
-1.21353 0.881678
-1.31941 0.896777
-1.26649 0.80374
-0.956136 1.15577
-1.05502 1.19664
-1.02682 1.09345
0.188 1.48817
0.150062 1.58822
0.0941858 1.49704
0.249612 1.57566
0.347987 1.55688
0.281072 1.47343
0.445067 1.53197
0.373035 1.45287
0.540418 1.50097
0.463525 1.42658
0.633511 1.46414
0.552187 1.39466
0.724328 1.42138
0.638669 1.35724
0.811989 1.3732
0.722631 1.31446
0.896777 1.31941
0.80374 1.26649
0.977729 1.26056
0.881678 1.21353
1.05502 1.19664
0.956136 1.15577
1.12804 1.12804
1.02682 1.09345
1.19664 1.05502
1.09345 1.02682
1.26056 0.977729
1.15577 0.956136
1.31941 0.896777
1.21353 0.881678
1.3732 0.811989
1.26649 0.80374
1.42138 0.724328
1.31446 0.722631
1.46414 0.633511
1.35724 0.638669
1.50097 0.540418
1.39466 0.552187
1.53197 0.445067
1.42658 0.463525
0.0502247 1.59453
-2.75546e-16 1.5
-0.0502247 1.59453
-0.0941858 1.49704
5.7551 3
6 2.75
6 3
5.65595 2.77762
5.39054 2.76789
5.5102 3
-0.150062 1.58822
-0.188 1.48817
5.14286 2.77006
5.26531 3
-0.249612 1.57566
-0.281072 1.47343
4.65306 2.77006
4.89796 2.77006
4.77551 3
1.59453 0.0502247
1.49704 0.0941858
1.5 0
4.16327 2.77006
-0.347987 1.55688
-0.373035 1.45287
3.91837 2.77006
4.04082 3
3.67347 2.77006
3.79592 3
-0.445067 1.53197
-0.463525 1.42658
3.42857 2.77006
3.55102 3
3.18367 2.77006
3.30612 3
-0.540418 1.50097
-0.552187 1.39466
2.93878 2.77006
3.06122 3
-0.633511 1.46414
-0.638669 1.35724
-0.724328 1.42138
-0.722631 1.31446
2.20408 2.77006
2.44898 2.77006
2.32653 3
-0.811989 1.3732
-0.80374 1.26649
-0.896777 1.31941
-0.881678 1.21353
-0.977729 1.26056
1.46939 2.77006
1.71429 2.77006
1.59184 3
1.22449 2.77006
1.34694 3
0.979592 2.77006
1.10204 3
0.734694 2.77006
0.857143 3
-1.12804 1.12804
-1.09345 1.02682
0.489796 2.77006
0.612245 3
-1.19664 1.05502
-1.15577 0.956136
0.244898 2.77006
0.367347 3
-1.26056 0.977729
-1.3732 0.811989
-1.31446 0.722631
-0.244898 2.77006
-0.122449 2.53996
0 2.77006
-1.42138 0.724328
-1.35724 0.638669
-0.21602 1.71023
-0.323062 1.69333
-1.46414 0.633511
-0.428678 1.66971
-0.532724 1.63948
-1.53197 0.445067
-1.45287 0.373035
-0.634564 1.60285
-0.734004 1.55974
-1.55688 0.347987
-1.58822 0.150062
-1.49704 0.0941858
-1.59453 0.0502247
-1.5 -1.83697e-16
-1.71429 2.77006
-1.46939 2.77006
-1.59184 3
-1.59453 -0.0502247
-1.49704 -0.0941858
-1.58822 -0.150062
-1.55688 -0.347987
-1.45287 -0.373035
-1.53197 -0.445067
-1.42658 -0.463525
-2.44898 2.77006
-2.32653 2.53996
-2.20408 2.77006
-1.50097 -0.540418
-1.39466 -0.552187
-1.46414 -0.633511
-1.35724 -0.638669
-3.18367 2.77006
-2.93878 2.77006
-3.06122 3
-1.42138 -0.724328
-1.31446 -0.722631
-1.3732 -0.811989
-1.26649 -0.80374
-1.31941 -0.896777
-1.21353 -0.881678
-4.77551 3
-4.65306 2.77006
-4.53061 3
-5.26531 3
-5.14286 2.77006
-5.02041 3
-5.38964 2.76849
-5.65611 2.77771
-5.5102 3
-6 3
-6 2.75
-5.7551 3
-4.89796 2.77006
-4.40816 2.77006
-4.28571 3
-5.78299 2.61163
-4.16327 2.77006
-4.04082 3
-5.76975 2.37571
-6 2.5
-5.77116 2.125
-6 2.25
-1.19664 -1.05502
-1.09345 -1.02682
-1.15577 -0.956136
-3.91837 2.77006
-3.79592 3
-5.77116 1.875
-6 2
-5.77116 1.625
-6 1.75
-1.12804 -1.12804
-1.02682 -1.09345
-5.77116 1.375
-6 1.5
-1.05502 -1.19664
-0.956136 -1.15577
-5.54219 1.75
-0.977729 -1.26056
-0.881678 -1.21353
-5.77116 0.625
-5.77116 0.875
-6 0.75
-0.896777 -1.31941
-0.80374 -1.26649
-0.811989 -1.3732
-0.722631 -1.31446
-0.724328 -1.42138
-0.638669 -1.35724
-5.77116 -0.375
-5.77116 -0.125
-6 -0.25
-0.633511 -1.46414
-0.552187 -1.39466
-5.77116 -0.625
-6 -0.5
-0.540418 -1.50097
-0.463525 -1.42658
-0.445067 -1.53197
-0.373035 -1.45287
-6 -1.5
-5.77116 -1.375
-6 -1.25
-0.347987 -1.55688
-0.281072 -1.47343
-5.77116 -1.875
-5.77116 -1.625
-6 -1.75
-0.249612 -1.57566
-0.188 -1.48817
-5.77116 -2.125
-6 -2
-0.150062 -1.58822
-0.0941858 -1.49704
-1.26056 -0.977729
-0.0502247 -1.59453
9.18485e-17 -1.5
-5.78066 -2.61141
-6 -3
-5.7551 -3
-6 -2.75
0.0502247 -1.59453
0.0941858 -1.49704
-5.6559 -2.77762
-5.38984 -2.76998
-5.5102 -3
0.150062 -1.58822
0.188 -1.48817
-5.77116 -1.125
-6 -1
-5.14286 -2.77006
-5.26531 -3
0.249612 -1.57566
0.281072 -1.47343
-5.77116 -0.875
-6 -0.75
0.347987 -1.55688
0.373035 -1.45287
0.445067 -1.53197
0.463525 -1.42658
0.540418 -1.50097
0.552187 -1.39466
0.633511 -1.46414
0.638669 -1.35724
-2.44898 -2.77006
-2.57143 -2.53996
-2.69388 -2.77006
0.724328 -1.42138
0.722631 -1.31446
0.811989 -1.3732
0.80374 -1.26649
0.896777 -1.31941
0.881678 -1.21353
0.977729 -1.26056
-1.22449 -2.77006
-1.34694 -2.53996
-1.46939 -2.77006
1.12804 -1.12804
1.09345 -1.02682
1.19664 -1.05502
1.15577 -0.956136
-0.323062 -1.69334
-0.216017 -1.71024
1.26056 -0.977729
0 -2.30974
-0.122449 -2.53996
0.122449 -2.53996
0.244898 -2.77006
0 -2.77006
1.3732 -0.811989
1.31446 -0.722631
0.21602 -1.71023
0.323062 -1.69333
1.42138 -0.724328
1.35724 -0.638669
0.428678 -1.66971
0.532724 -1.63948
1.46414 -0.633511
1.39466 -0.552187
0.634564 -1.60285
0.734004 -1.55974
1.50097 -0.540418
1.42658 -0.463525
1.47343 -0.281072
1.71429 -2.77006
1.46939 -2.77006
1.59184 -3
2.44898 -2.77006
2.20408 -2.77006
2.32653 -3
1.59453 -0.0502247
2.93878 -2.77006
2.81633 -2.53996
2.69388 -2.77006
3.42857 -2.77006
3.18367 -2.77006
3.30612 -3
4.77551 -3
4.65306 -2.77006
4.53061 -3
4.89796 -2.77006
5.14286 -2.77006
5.02041 -3
5.38964 -2.76849
5.26531 -3
5.65611 -2.77771
5.5102 -3
6 -3
6 -2.75
5.7551 -3
5.78299 -2.61163
4.40816 -2.77006
4.28571 -3
4.16327 -2.77006
4.04082 -3
5.76975 -2.37571
6 -2.5
5.77116 -2.125
6 -2.25
3.91837 -2.77006
3.79592 -3
5.77116 -1.875
6 -2
5.77116 -1.625
6 -1.75
1.58822 0.150062
1.48817 0.188
5.77116 -1.375
6 -1.5
5.54219 -1.75
5.77116 -0.625
5.77116 -0.875
6 -0.75
1.57566 0.249612
1.47343 0.281072
5.77116 -0.375
6 -0.5
5.77116 0.875
5.77116 0.625
6 0.75
5.77116 1.125
6 1
5.77116 1.625
5.54219 1.5
5.77116 1.375
5.77116 2.125
5.77116 1.875
6 2
5.76974 2.3759
6 2.25
5.7826 2.61158
6 2.5
2.57143 -3
2.81633 -3
1.25664 -1.18011
1.32826 -1.0988
1.22449 -2.77006
1.10204 -3
1.34694 -3
5.02041 3
1.55688 0.347987
1.45287 0.373035
6 0.5
-5.77116 0.375
-6 0.5
-6 0.25
-2.32653 3
-2.57143 3
-1.25662 1.1801
-1.32826 1.0988
-1.22449 2.77006
-1.10204 3
-1.34694 3
-0.0398762 1.88498
0.108297 1.72048
0.197996 1.87823
0.323062 1.69334
1.83673 3
1.95918 2.77006
2.08163 3
1.01332 1.39463
1.24386 1.40964
1.06523 1.56722
2.57143 3
2.69388 2.77006
2.81633 3
1.42131 1.24371
1.25662 1.18009
1.32826 1.0988
5.77116 0.375
6 0.25
1.66971 0.428678
0.122449 3
-0.122449 3
0.122449 2.53996
6 1.75
5.5306 2.52891
-0.367347 3
6 1.5
5.2645 2.53929
5.14183 2.30924
5.02041 2.53996
-0.489796 2.77006
-0.612245 3
6 1.25
5.77116 0.125
6 4.44089e-16
1.63948 0.532724
5.54219 0.25
-0.367347 2.53995
1.60285 0.634564
1.55974 0.734006
-0.734694 2.77006
-0.857143 3
1.39463 1.01332
-0.979592 2.77006
1.18009 1.25662
2.57143 2.53996
1.0988 1.32826
2.32653 2.53996
-1.09881 1.32828
-1.18009 1.25662
2.08163 2.53996
0.830465 1.51065
1.83673 2.53996
0.532724 1.63948
1.34694 2.53996
1.10204 2.53996
-1.95918 2.77006
-1.83673 3
-2.08163 3
-1.56705 1.04946
-1.68456 0.849725
-1.51065 0.830465
0.367347 2.53996
-5.60399e-09 1.72381
-2.69388 2.77006
-2.81633 3
-0.108297 1.72048
-1.60285 0.634564
-1.78349 0.646589
-1.63948 0.532727
-0.923638 1.45548
-3.42857 2.77006
-3.30612 3
-3.55102 3
-1.01332 1.39463
-3.67347 2.77006
-0.830465 1.51065
-5.77116 0.125
-6 8.88178e-16
-1.59184 2.53996
-1.83673 2.53996
-2.08163 2.53996
-1.45548 0.923638
-3.42857 -2.77006
-3.55102 -3
-3.30612 -3
-1.66971 0.428678
-3.18367 -2.77006
-3.06122 -3
-6 1
-1.69335 0.323064
-2.81633 2.53996
-2.93878 -2.77006
-2.81633 -3
-2.57143 -3
-2.32653 -3
-5.53364 2.52847
-5.37385 2.33698
-5.26463 2.53941
-5.77116 1.125
-6 1.25
-5.55796 2.24821
-5.02041 2.53996
-2.20408 -2.77006
-2.08163 -3
-3.91837 2.30979
-3.79592 2.53996
-4.04082 2.53996
-5.54219 2
-4.28571 2.53996
-4.53061 2.53996
-1.95918 -2.77006
-1.83673 -3
-5.54219 1.5
-1.71024 0.216017
-1.71429 -2.77006
-1.59184 -3
-1.72048 0.108297
-5.54219 1.25
-1.72382 -1.34572e-17
-5.54219 1
-1.34694 -3
-1.72048 -0.108297
-5.54219 0.75
-1.71025 -0.216018
-5.54219 0.5
-1.10204 -3
-3.91837 -2.77006
-4.04082 -3
-3.79592 -3
-5.54219 -1.34572e-17
-0.979592 -2.77006
-0.857143 -3
-4.16327 -2.77006
-4.28571 -3
-5.54219 -0.25
-1.10204 -2.53996
-4.40816 -2.77006
-4.53061 -3
-1.69334 -0.323062
-0.734694 -2.77006
-0.612245 -3
-0.489796 -2.77006
-0.367347 -3
-4.65306 -2.77006
-4.77551 -3
-5.31315 -1.625
-5.31316 -1.375
-5.54219 -1.5
-4.89796 -2.77006
-5.02041 -3
-5.1338 -2.30798
-5.31242 -2.1241
-5.34125 -2.36
-0.244898 -2.77006
-0.122449 -3
-0.367347 -2.53996
0.122449 -3
-5.52711 -2.53211
-5.54219 -2
0.367347 -3
-5.54485 -2.25479
0.489796 -2.77006
0.612245 -3
-3.67347 -2.77006
-5.54219 -1
-1.66971 -0.428678
-1.63948 -0.532724
-5.54219 -0.75
-5.54219 -1.25
0.367347 -2.53995
-1.60285 -0.634564
-1.55974 -0.734004
0.734694 -2.77006
0.857143 -3
-3.55102 -2.53996
-3.30612 -2.53996
-1.39463 -1.01332
-3.06122 -2.53996
0.979592 -2.77006
-1.32828 -1.09881
-1.1801 -1.25662
-1.45549 -0.923645
-1.0988 -1.32826
-2.32653 -2.53996
1.09881 -1.32828
1.18009 -1.25662
-2.08163 -2.53996
-0.830465 -1.51065
-1.83673 -2.53996
-0.532724 -1.63948
-0.923638 -1.45548
-0.734006 -1.55974
-0.634564 -1.60285
1.95918 -2.77006
1.83673 -3
2.08163 -3
-0.428678 -1.66971
5.60399e-09 -1.72381
0.108297 -1.72048
2.32653 -2.53996
3.06122 -3
0.923638 -1.45548
1.01332 -1.39463
0.830465 -1.51065
3.67347 -2.77006
3.55102 -3
1.59184 -2.53996
1.51065 -0.830465
1.83673 -2.53996
2.08163 -2.53996
1.63948 -0.532724
1.45548 -0.923638
1.66971 -0.428678
6 -1
1.69334 -0.323062
1.60285 -0.634564
5.77116 -0.125
6 -0.25
5.53364 -2.52847
5.37385 -2.33698
5.26463 -2.53941
5.55796 -2.24821
5.77116 -1.125
6 -1.25
5.02041 -2.53996
3.91837 -2.30979
3.79592 -2.53996
4.04082 -2.53996
5.54219 -2
4.28571 -2.53996
4.53061 -2.53996
5.54219 -1.5
1.71024 -0.216017
1.72048 -0.108297
5.54219 -1.25
1.72381 5.60399e-09
5.54219 -1
1.72049 0.108297
5.54219 -0.75
3.79592 2.53996
5.54219 -0.5
1.71024 0.216017
5.54219 0.5
4.77551 2.53996
5.54219 0.75
4.53061 2.53996
5.54219 1.75
5.55517 2.24853
5.54219 2
4.90287 2.30256
5.54219 1.25
5.54219 1
4.28571 2.53996
1.69335 0.323064
4.04082 2.53996
3.91837 2.30979
5.54219 -1.78981e-15
3.55102 2.53996
5.54219 -0.25
1.87996 0.249795
1.88656 0.0369672
3.55102 -2.53996
1.87579 -0.18987
2.93878 2.30979
3.06122 2.53996
2.81633 2.53996
1.68877 0.847546
4.40816 -2.30979
4.77551 -2.53996
5.14201 -2.30933
3.30612 -2.53996
5.31316 -0.625
5.31316 -1.375
5.31246 -2.12004
5.30589 -1.88058
5.31315 -1.625
4.65306 -2.30979
3.06122 -2.53996
5.31316 -0.875
1.55974 -0.734005
2.57143 -2.53996
1.83895 -0.421481
1.78279 -0.641718
1.68594 -0.850477
1.39463 -1.01332
1.34694 -2.53996
1.10204 -2.53996
1.40812 -1.25389
1.55401 -1.05628
0.857143 -2.53996
0.612245 -2.53996
1.05328 -1.569
1.24246 -1.42221
2.20408 -2.30979
0.84752 -1.68548
2.69388 -2.30979
2.44898 -2.30979
-0.108297 -1.72048
-0.612245 -2.53996
1.46939 -2.30979
-0.857143 -2.53996
-0.0407669 -1.88622
1.71319 -2.3078
-1.01332 -1.39463
-1.59184 -2.53996
-0.524783 -1.81963
-0.761714 -1.71649
-1.25662 -1.18009
-1.51065 -0.830465
1.22449 -2.30979
-2.81633 -2.53996
0.979592 -2.30953
0.731076 -2.3112
-1.62134 -0.969472
-1.726 -0.760412
0.641726 -1.79369
0.489951 -2.30852
-3.79592 -2.53996
-4.04082 -2.53996
-5.54219 -0.5
-1.81125 -0.541076
-4.28571 -2.53996
-5.31316 -0.875
0.432354 -1.849
0.244895 -2.30977
-4.53061 -2.53996
-4.77551 -2.53996
-5.02041 -2.53996
-5.26038 -2.55368
-5.54219 -1.75
0.198858 -1.88122
-0.244898 -2.3097
-0.489796 -2.30978
-0.278234 -1.86875
-4.65306 -2.30979
-0.734694 -2.30978
-4.40816 -2.30979
-4.16327 -2.30979
-3.67347 -2.30979
-0.979592 -2.30979
-1.22407 -2.30606
-5.54219 0.25
-5.31316 -0.625
-5.31316 -0.375
-1.89174 -0.137556
-0.972232 -1.62252
-3.55102 2.53996
-1.87161 0.266509
-1.46785 -2.30656
-1.95918 -2.30979
-1.16276 -1.50549
-2.20408 -2.30979
-1.71429 -2.30979
-4.16327 2.30979
-4.40816 2.30979
-1.32889 -1.34332
-4.77551 2.53996
-5.14201 2.30933
-3.30612 2.53996
-5.31316 0.625
-5.31316 1.375
-5.31246 2.12004
-5.30589 1.88058
-5.31315 1.625
-4.65306 2.30979
-1.48596 -1.16602
-3.06122 2.53996
-5.31316 0.875
-2.44898 -2.30979
-1.55974 0.734006
-2.57143 2.53996
-1.84142 0.451512
-3.42857 -2.30979
-2.69388 -2.30979
-2.93878 -2.30979
-5.31316 -0.125
-3.18367 -2.30979
-2.02113 0.620442
-1.39463 1.01332
-1.34694 2.53996
-3.18367 2.30979
-5.31316 0.125
-1.10204 2.53996
-1.42777 1.23529
-0.857143 2.53996
-0.612245 2.53996
-1.12922 1.5371
-2.93878 2.30979
-2.44898 2.30979
-0.279045 1.8659
0.612245 2.53996
-2.20408 2.30979
-1.46939 2.30979
0.857143 2.53996
0.216017 1.71024
-1.71429 2.30979
0.428678 1.66971
0.634564 1.60285
1.59184 2.53996
0.865979 1.67585
0.923638 1.45548
-1.27043 1.40066
-1.22449 2.30979
-0.979592 2.30954
-0.734694 2.30982
1.45548 0.923638
3.30612 2.53996
1.51065 0.830465
5.31316 0.875
-0.759632 1.71573
-0.489795 2.30966
1.84147 0.439002
5.31316 0.625
-0.52657 1.82117
5.31316 1.375
5.31315 1.625
3.67347 2.30979
-0.244895 2.30977
5.31316 1.125
5.31316 0.125
5.31316 -0.125
4.40816 2.30979
5.31253 2.12021
5.37296 2.33677
0 2.30974
0.433868 1.84784
3.18367 2.30979
1.78129 0.63885
2.20408 2.30979
2.69388 2.30979
2.44898 2.30979
1.56712 1.05518
1.46939 2.30979
1.95918 2.30979
1.71228 2.30614
1.22347 2.31024
0.734004 1.55974
0.979592 2.30979
0.732314 2.3101
0.650102 1.78078
0.490086 2.30746
0.244898 2.3097
-3.42857 2.30979
-5.31316 0.375
-1.86664 -0.323518
4.16327 2.30979
4.65306 2.30979
3.18367 -2.30979
5.31316 -0.375
3.42857 -2.30979
3.67347 -2.30979
2.93878 -2.30979
5.08411 -0.75
1.95918 -2.30979
-5.30456 -1.88183
-1.89598 0.0626565
-3.67347 2.30979
-1.95918 2.30979
0.361543 2.0761
0.113313 2.0836
0.609354 2.05402
1.52351 1.74461
1.27976 1.65029
1.47855 1.48008
1.92961 1.32799
1.65851 1.2936
1.81077 1.07061
5.31316 0.375
3.42857 2.30979
5.30595 1.88072
5.09078 1.7568
-0.132864 2.08047
2.09049 0.393852
2.01085 0.602418
-0.377097 2.06805
1.9275 0.831416
3.67347 1.84926
3.79592 2.07961
3.55102 2.07961
-0.968869 1.6458
2.81633 2.07961
2.32653 2.07961
1.83592 2.07879
1.5748 2.05244
1.06444 1.80168
1.3448 2.1064
0.840114 1.90719
0.856615 2.11075
1.0942 2.06653
-2.69388 2.30979
-0.710056 1.89193
-0.94601 1.8634
-1.18729 1.83115
-1.10233 2.0801
-1.49013 1.4611
-1.83673 2.07961
-1.79922 1.06169
-2.08123 2.0786
-2.0871 0.401079
-2.81633 2.07961
-3.30612 -2.07961
-3.30612 2.07961
-5.31316 1.125
-4.90289 2.30259
-4.7821 2.07907
-4.53126 2.07866
-5.06062 2.052
-5.0903 1.75571
-4.28571 2.07961
-3.79592 2.07961
-5.08411 1.25
-2.09216 0.192002
-5.08411 1
-2.12456 -0.235052
-2.0489 -0.462875
-5.08411 0.75
-5.08411 0.5
-5.08411 0.25
-2.31683 -0.395501
-2.24058 -0.65418
-3.91837 -2.30979
-5.08411 -0.25
-0.857155 -2.07836
-0.950275 -1.86149
-1.10339 -2.06296
-0.60931 -2.07809
-0.714482 -1.89089
-5.31316 -1.125
-4.90108 -2.30412
-5.08373 -1.76064
-5.05905 -2.05407
-5.08244 -1.5017
-4.77806 -2.08536
-5.08411 -0.75
-5.08318 -1.25069
0.362673 -2.07686
0.117525 -2.08626
-1.86774 -0.945525
-3.55102 -2.07961
-1.973 -0.718907
-1.73688 -1.17722
-2.81633 -2.07961
-2.57143 -2.07961
-1.3827 -1.57449
-1.57347 -1.38602
1.57874 -2.05835
1.31727 -1.90529
1.34625 -2.10986
-1.18633 -1.77162
-1.58617 -2.07504
-0.377931 -2.06853
-0.134096 -2.08402
0.607886 -2.05678
0.856137 -2.10928
2.17896 -0.787487
2.00662 -0.582674
1.92063 -0.830042
0.837948 -1.90789
1.06452 -1.80562
1.48586 -1.47983
1.83673 -2.07961
1.80009 -1.06854
2.08087 -2.07752
2.81633 -2.07961
2.06467 -0.323953
5.31316 -1.125
4.90289 -2.30259
4.7821 -2.07907
4.53126 -2.07866
5.06062 -2.052
4.16327 -2.30979
5.0903 -1.75571
4.28571 -2.07961
3.79592 -2.07961
5.08411 -1.25
2.08744 -0.0746204
5.08411 -1
5.08411 -0.5
4.28571 2.07961
5.08411 0.5
5.06008 2.05282
5.08411 1.25
4.53126 2.07865
4.7821 2.07909
5.0841 1.49999
4.89503 1.86604
5.08411 1
5.08411 0.75
4.04082 2.07961
5.08411 0.25
5.08411 -8.89524e-15
2.10058 0.158954
5.08411 -0.25
3.55102 -2.07961
2.3375 0.0374873
2.30928 -0.222034
5.0841 -1.49999
3.91837 -1.84926
4.04082 -2.07961
3.30612 -2.07961
4.85488 -0.625
4.8497 -1.63243
4.89533 -1.86599
4.8422 -1.38783
4.41865 -1.83735
4.6607 -1.84001
3.06122 -2.07961
4.85488 -0.875
2.57143 -2.07961
2.32653 -2.07961
2.06627 -1.056
1.65318 -1.28503
1.92508 -1.31892
1.53934 -1.75087
1.73137 -1.85014
1.77157 -1.56677
1.291 -1.6575
1.09591 -2.06977
2.20078 -1.84178
2.44721 -1.8462
1.95295 -1.83002
-1.33508 -2.05756
-1.83673 -2.07961
-1.44513 -1.83144
-2.08163 -2.07961
-2.32653 -2.07961
-3.06122 -2.07961
-3.79592 -2.07961
-5.08411 -0.5
-2.14048 -0.937194
-4.04082 -2.07961
-4.85488 -0.625
-4.28571 -2.07961
-4.85488 -0.875
-5.08411 -1
-4.53061 -2.07961
-4.87544 -1.88094
-4.84149 -1.38837
-4.65415 -1.84238
-4.84798 -1.63705
-4.41748 -1.83784
-4.16327 -1.84926
-5.08411 -1.34572e-17
-3.67347 -1.84926
-3.55102 2.07961
-2.11545 -0.0276541
-1.96342 -1.86513
-5.0841 1.49999
-3.91837 1.84926
-4.04082 2.07961
-1.63299 -1.62962
-2.20408 -1.84926
-4.85488 0.625
-4.8497 1.63243
-4.89533 1.86599
-4.8422 1.38783
-4.41865 1.83735
-4.6607 1.84001
-3.06122 2.07961
-4.85488 0.875
-2.44898 -1.84926
-2.93878 -1.84926
-2.57143 2.07961
-3.18367 1.84926
-2.93878 1.84926
-1.91873 0.838206
-2.32653 2.07961
-2.2072 1.32375
-2.06843 1.06285
-1.93979 1.31451
-4.85488 0.125
-3.18367 -1.84926
-1.66531 1.27696
-1.59184 2.07961
-1.71541 1.84561
-1.95137 1.83093
-1.79077 1.55584
-1.34615 2.07977
-4.85488 -0.125
-1.32989 1.65815
-0.856031 2.07879
-0.608735 2.07887
-2.29264 0.58158
-2.20134 1.84267
-2.44792 1.84721
-1.47035 1.85826
2.08056 2.07757
1.75959 1.57108
2.57143 2.07961
3.06122 2.07961
3.30612 2.07961
4.85488 0.625
2.19602 0.806811
4.85488 1.125
2.28716 0.573724
4.8422 1.38757
4.85488 0.875
4.84979 1.63281
3.91837 1.84926
4.16327 1.84926
3.42857 -1.84926
3.18367 1.84926
2.44898 1.84926
2.20081 1.84353
2.93878 1.84926
2.08364 1.06852
1.94842 1.83126
1.72071 1.84682
1.31368 1.89882
4.41833 1.83733
4.66071 1.84004
3.18367 -1.84926
2.25822 -0.505493
4.85488 -0.375
-1.58785 1.65025
4.85488 0.125
2.69388 -1.84926
2.69388 1.84926
3.42857 1.84926
4.85488 0.375
4.62345 -0.751533
4.30057 1.61478
4.59021 1.57651
2.36879 1.04722
3.30612 1.61858
2.20302 1.32392
2.69445 1.38573
2.93894 1.38626
2.81633 1.61843
2.56976 1.61649
2.06041 1.58888
2.32072 1.60265
-2.06964 1.58721
-2.69388 1.84926
-3.42857 1.84926
-2.32266 1.59917
-3.42857 -1.84926
-3.67347 1.84926
-2.69388 -1.84926
-2.33938 0.320372
-2.54469 0.49381
-2.59823 0.218902
-2.00078 -1.17877
-4.85488 0.375
-4.85488 1.125
-4.16327 1.84926
-4.59019 1.57651
-3.93347 1.37145
-3.79675 1.6176
-4.04403 1.61522
-4.30059 1.61484
-1.84282 -1.42675
-1.71121 -1.85561
-4.62496 1.26784
-3.55102 1.61858
-2.07573 -1.63023
-4.62344 0.751533
-4.85488 -0.375
-4.62536 0.5
-2.35313 0.096488
-2.37452 -0.123084
-3.91837 -1.84926
-4.39399 -0.627971
-4.62536 -0.5
-4.62349 -0.751785
-4.85365 -1.12732
-4.58911 -1.57696
-4.2992 -1.61722
-4.62166 -1.0046
-4.62183 -1.26968
-2.41159 -0.877574
-3.30612 -1.61858
-2.28338 -1.15557
-2.12921 -1.40863
-2.56669 -1.61248
-2.32653 -1.61777
-1.86695 -1.66277
2.06193 -1.58396
2.59319 -0.914653
2.43024 -0.711992
2.33738 -1.03063
2.18813 -1.31061
2.93878 -1.84926
3.67347 -1.84926
2.50662 -0.408466
3.55102 -1.61858
4.85488 -1.125
4.16327 -1.84926
4.59019 -1.57651
3.93349 -1.37148
3.79675 -1.6176
4.04403 -1.61522
4.30059 -1.61484
4.62496 -1.26784
4.85488 -0.125
4.62536 -0.5
4.62536 -0.25
3.79668 1.6176
3.55102 1.61858
4.62349 0.751674
4.62498 1.2677
-2.19065 0.828658
2.34058 0.295286
4.62244 1.00383
4.62536 -3.90933e-14
3.06122 1.61858
3.18367 1.38691
-2.8157 1.61766
4.0441 1.61532
4.62536 0.5
4.62536 0.25
2.56224 -0.112645
2.78272 0.351361
2.53912 0.482974
2.57792 0.174048
4.16485 -1.45675e-13
4.39541 -0.125
4.39541 0.125
4.62249 -1.00363
4.41936 -1.39168
4.38422 -1.14653
4.3928 -0.629592
4.18117 -1.37018
3.30612 -1.61858
4.37842 -0.894437
3.06122 -1.61858
2.81633 -1.61858
2.56612 -1.61167
2.69284 -1.38633
2.43119 -1.35368
2.31622 -1.59668
3.18367 -1.38738
-2.81543 -1.61781
-3.06122 -1.61858
-2.67976 -1.3759
-2.41279 -1.37293
-3.55102 -1.61858
-3.79668 -1.61767
-4.04376 -1.6157
-4.41003 -1.39879
-4.3787 -0.894485
-4.38212 -1.14909
-4.62536 -0.25
-4.1782 -1.37176
-3.67511 -1.38654
-4.62536 -1.34572e-17
-3.42857 -1.38738
-4.62536 0.25
-4.62248 1.00362
-4.41936 1.39168
-4.38421 1.14652
-4.39275 0.629597
-4.18117 1.37017
-3.30612 1.61858
-4.37837 0.894415
-3.06122 1.61858
-2.93516 -1.3852
-2.34569 1.07006
-2.55384 -1.11208
-4.39541 -0.125
-2.57002 1.61216
-2.46572 0.794196
-4.39541 0.375
-2.51271 -0.594507
-4.39541 -0.375
-2.46007 1.34546
-2.69104 1.36836
4.37875 0.894054
4.39322 0.629001
4.38408 1.14702
4.41939 1.39171
3.67339 1.38716
3.93427 1.37195
4.18076 1.37019
2.44717 1.36551
2.93633 -1.38736
2.69609 -0.608988
-2.63276 -0.0330553
-3.42857 1.38738
2.47651 0.780827
-2.56671 -0.291669
-2.93878 1.38732
2.56927 -1.15587
2.80434 -1.13654
3.42857 1.38738
4.39541 0.375
3.81886 1.15247
4.11999 1.09928
2.581 1.15695
3.30662 1.15482
2.74596 0.665224
2.68031 0.928114
2.94508 0.883111
2.82049 1.15101
-2.69164 -0.831906
-3.18367 1.38738
-2.61 1.04554
-2.81889 1.15977
-3.6748 1.38644
-4.12033 1.09975
-3.81706 1.14812
-3.55517 1.15116
-4.39541 0.125
-4.15408 0.777512
-2.83831 -0.21192
-3.93363 -1.37199
-4.16426 -0.499767
-3.94107 -0.632398
-3.93157 -0.374322
-4.16057 -0.777049
-4.11953 -1.0996
-3.18367 -1.38738
-3.82055 -1.15002
-2.80316 -1.13902
2.99862 -0.980036
3.06642 -1.17798
3.42857 -1.38738
3.67485 -1.38655
4.15447 -0.777637
4.1204 -1.09983
3.81731 -1.14842
4.39541 -0.375
3.55645 -1.15316
3.93311 -0.124728
4.16457 -0.25
2.75779 -0.291364
2.79971 0.0205585
4.15825 0.778846
-2.80786 0.402625
3.06217 1.15238
-3.30612 -1.15514
-3.06128 -1.15464
4.15885 -0.508266
-2.7633 -0.50156
4.16483 0.501855
4.1645 0.25
-2.71525 0.705071
-3.05586 1.14767
3.55069 1.15502
3.00078 0.540547
3.00547 0.193203
3.94103 0.63424
3.93784 0.916613
3.93275 0.124666
3.50838 0.676145
3.66927 0.943256
3.42518 0.920254
2.94135 -0.460888
3.94383 -0.921239
3.30612 -1.15556
3.89874 -0.656931
2.80875 -0.84505
-3.94464 -0.91195
-3.55082 -1.15506
-3.1753 -0.906791
-2.9327 -0.934883
-2.95994 -0.693706
-4.16453 -0.25
-4.16485 1.2421e-14
-3.41529 -0.907907
-4.1646 0.25
-3.04037 -0.409601
-4.15855 0.508386
-3.93332 -0.124663
-3.93342 0.124751
-3.94354 0.921103
-2.99712 0.624817
-3.89596 0.656442
-3.30408 1.1523
-2.87825 0.907463
-3.15947 0.902479
3.1884 0.949643
3.73644 0.749218
3.43763 -0.924814
-2.8659 0.117519
-3.42081 0.91226
3.93286 -0.377755
3.01067 -0.71224
3.1982 -0.921688
3.93181 0.37449
3.19894 0.736495
-3.93202 0.378159
-3.69502 0.903858
-3.26437 0.640831
-3.55718 0.67997
-3.08441 0.320004
-3.41249 0.402201
-3.46537 -0.11411
-3.48686 0.142575
-3.70124 0.000123795
-3.06362 -0.0586454
-3.67016 -0.942949
-3.73647 -0.750172
-3.69843 -0.492292
-3.24675 -0.620698
3.19312 -0.300167
2.99635 -0.15141
3.69887 -0.905585
3.57443 -0.687185
3.21238 0.013628
3.441 -0.428656
3.70256 -0.491061
3.69171 -0.252845
3.21102 0.32622
3.69792 0.49301
3.6991 0.247913
3.31279 -0.699812
-3.68909 0.2547
-3.69805 -0.246651
-3.50998 -0.672542
-3.45742 -0.394515
3.31658 0.534254
3.69835 -0.000269545
3.46078 0.359552
3.19303 -0.527577
3.44602 -0.139888
3.45046 0.132545
-3.25669 -0.259738
-3.69245 0.491139
-3.26896 0.101963
