48
199 200 93 -0.25 -0.0 -120000000.0
200 209 390 -0.25 -0.0 -120000000.0
209 211 394 -0.25 -0.0 -120000000.0
211 218 397 -0.25 -0.0 -120000000.0
218 220 404 -0.25 -0.0 -120000000.0
220 224 407 -0.25 -0.0 -120000000.0
224 522 411 -0.25 -0.0 -120000000.0
522 511 388 -0.25 -0.0 -120000000.0
511 232 368 -0.25 -0.0 -120000000.0
232 414 424 -0.25 -0.0 -120000000.0
414 415 202 -0.25 -0.0 -120000000.0
415 500 344 -0.2499999999999991 -0.0 -120000000.0
500 241 348 -0.2500000000000009 -0.0 -120000000.0
241 245 439 -0.25 -0.0 -120000000.0
245 285 444 -0.25 -0.0 -120000000.0
285 279 135 -0.25 -0.0 -120000000.0
279 252 132 -0.25 -0.0 -120000000.0
252 250 118 -0.25 -0.0 -120000000.0
250 257 200 -0.25 -0.0 -120000000.0
257 261 456 -0.25 -0.0 -120000000.0
261 18 461 -0.25 -0.0 -120000000.0
18 16 6 -0.25 -0.0 -120000000.0
16 270 467 -0.25 -0.0 -120000000.0
270 268 127 -0.25 -0.0 -120000000.0
357 358 170 0.25 -0.0 -120000000.0
358 366 603 0.25 -0.0 -120000000.0
366 368 609 0.25 -0.0 -120000000.0
368 372 612 0.25 -0.0 -120000000.0
372 374 617 0.25 -0.0 -120000000.0
374 378 620 0.25 -0.0 -120000000.0
378 646 623 0.25 -0.0 -120000000.0
646 636 606 0.25 -0.0 -120000000.0
636 382 588 0.25 -0.0 -120000000.0
382 386 632 0.25 -0.0 -120000000.0
386 640 635 0.25 -0.0 -120000000.0
640 456 591 0.25000000000000044 -0.0 -120000000.0
456 440 259 0.24999999999999956 -0.0 -120000000.0
440 412 235 0.25 -0.0 -120000000.0
412 389 199 0.25 -0.0 -120000000.0
389 391 645 0.25 -0.0 -120000000.0
391 454 647 0.25 -0.0 -120000000.0
454 448 258 0.25 -0.0 -120000000.0
448 445 249 0.25 -0.0 -120000000.0
445 397 245 0.25 -0.0 -120000000.0
397 399 653 0.25 -0.0 -120000000.0
399 401 655 0.25 -0.0 -120000000.0
401 79 190 0.25 -0.0 -120000000.0
79 80 34 0.25 -0.0 -120000000.0
