34
317 0.0 -10.0 0.0
452 0.0 -10.0 0.0
485 0.0 -10.0 0.0
379 0.0 -10.0 0.0
413 0.0 -10.0 0.0
89 0.0 -10.0 0.0
164 0.0 -10.0 0.0
191 0.0 -10.0 0.0
324 0.0 -10.0 0.0
479 0.0 -10.0 0.0
412 0.0 -10.0 0.0
374 0.0 -10.0 0.0
46 0.0 -10.0 0.0
376 0.0 -10.0 0.0
90 0.0 -10.0 0.0
163 0.0 -10.0 0.0
325 0.0 -10.0 0.0
317 0.0 0.0 10.0
452 0.0 0.0 10.0
485 0.0 0.0 10.0
379 0.0 0.0 10.0
413 0.0 0.0 10.0
89 0.0 0.0 10.0
164 0.0 0.0 10.0
191 0.0 0.0 10.0
324 0.0 0.0 10.0
479 0.0 0.0 10.0
412 0.0 0.0 10.0
374 0.0 0.0 10.0
46 0.0 0.0 10.0
376 0.0 0.0 10.0
90 0.0 0.0 10.0
163 0.0 0.0 10.0
325 0.0 0.0 10.0
