68
1500 3
2011 3
2606 3
2620 3
1271 3
1379 3
2705 3
2724 3
2747 3
1129 3
1128 3
1356 3
1715 3
1323 3
2801 3
2800 3
2779 3
1014 3
2499 3
2439 3
2008 3
2515 3
1198 3
2025 3
2807 3
2039 3
1013 3
2788 3
2031 3
2032 3
1131 3
1269 3
1355 3
1488 3
1796 3
2003 3
2602 3
1375 3
1325 3
1324 3
2794 3
2780 3
2704 3
2500 3
1194 3
1317 3
1199 3
1837 3
1873 3
1366 3
1191 3
1190 3
2033 3
2722 3
2578 3
2000 3
2004 3
1354 3
2035 3
2036 3
1554 3
2001 3
2517 3
1555 3
2441 3
1553 3
2002 3
1192 3
