219
21 0.0 0.0 -100.0
25 0.0 0.0 -100.0
53 0.0 0.0 -100.0
51 0.0 0.0 -100.0
57 0.0 0.0 -100.0
341 0.0 0.0 -100.0
120 0.0 0.0 -100.0
119 0.0 0.0 -100.0
304 0.0 0.0 -100.0
396 0.0 0.0 -100.0
441 0.0 0.0 -100.0
329 0.0 0.0 -100.0
363 0.0 0.0 -100.0
292 0.0 0.0 -100.0
288 0.0 0.0 -100.0
384 0.0 0.0 -100.0
213 0.0 0.0 -100.0
217 0.0 0.0 -100.0
428 0.0 0.0 -100.0
297 0.0 0.0 -100.0
221 0.0 0.0 -100.0
429 0.0 0.0 -100.0
439 0.0 0.0 -100.0
387 0.0 0.0 -100.0
330 0.0 0.0 -100.0
388 0.0 0.0 -100.0
252 0.0 0.0 -100.0
110 0.0 0.0 -100.0
295 0.0 0.0 -100.0
131 0.0 0.0 -100.0
130 0.0 0.0 -100.0
340 0.0 0.0 -100.0
406 0.0 0.0 -100.0
392 0.0 0.0 -100.0
332 0.0 0.0 -100.0
283 0.0 0.0 -100.0
422 0.0 0.0 -100.0
7 0.0 0.0 -100.0
123 0.0 0.0 -100.0
11 0.0 0.0 -100.0
103 0.0 0.0 -100.0
27 0.0 0.0 -100.0
40 0.0 0.0 -100.0
62 0.0 0.0 -100.0
42 0.0 0.0 -100.0
45 0.0 0.0 -100.0
78 0.0 0.0 -100.0
82 0.0 0.0 -100.0
425 0.0 0.0 -100.0
424 0.0 0.0 -100.0
445 0.0 0.0 -100.0
315 0.0 0.0 -100.0
314 0.0 0.0 -100.0
407 0.0 0.0 -100.0
409 0.0 0.0 -100.0
446 0.0 0.0 -100.0
394 0.0 0.0 -100.0
75 0.0 0.0 -100.0
71 0.0 0.0 -100.0
257 0.0 0.0 -100.0
308 0.0 0.0 -100.0
231 0.0 0.0 -100.0
203 0.0 0.0 -100.0
200 0.0 0.0 -100.0
198 0.0 0.0 -100.0
212 0.0 0.0 -100.0
171 0.0 0.0 -100.0
170 0.0 0.0 -100.0
188 0.0 0.0 -100.0
442 0.0 0.0 -100.0
412 0.0 0.0 -100.0
431 0.0 0.0 -100.0
383 0.0 0.0 -100.0
376 0.0 0.0 -100.0
24 0.0 0.0 -100.0
18 0.0 0.0 -100.0
59 0.0 0.0 -100.0
447 0.0 0.0 -100.0
125 0.0 0.0 -100.0
448 0.0 0.0 -100.0
293 0.0 0.0 -100.0
254 0.0 0.0 -100.0
253 0.0 0.0 -100.0
434 0.0 0.0 -100.0
115 0.0 0.0 -100.0
184 0.0 0.0 -100.0
323 0.0 0.0 -100.0
346 0.0 0.0 -100.0
4 0.0 0.0 -100.0
2 0.0 0.0 -100.0
395 0.0 0.0 -100.0
0 0.0 0.0 -100.0
305 0.0 0.0 -100.0
327 0.0 0.0 -100.0
312 0.0 0.0 -100.0
94 0.0 0.0 -100.0
237 0.0 0.0 -100.0
121 0.0 0.0 -100.0
106 0.0 0.0 -100.0
225 0.0 0.0 -100.0
108 0.0 0.0 -100.0
344 0.0 0.0 -100.0
136 0.0 0.0 -100.0
58 0.0 0.0 -100.0
403 0.0 0.0 -100.0
361 0.0 0.0 -100.0
286 0.0 0.0 -100.0
282 0.0 0.0 -100.0
251 0.0 0.0 -100.0
338 0.0 0.0 -100.0
261 0.0 0.0 -100.0
14 0.0 0.0 -100.0
126 0.0 0.0 -100.0
104 0.0 0.0 -100.0
23 0.0 0.0 -100.0
28 0.0 0.0 -100.0
127 0.0 0.0 -100.0
26 0.0 0.0 -100.0
61 0.0 0.0 -100.0
400 0.0 0.0 -100.0
41 0.0 0.0 -100.0
50 0.0 0.0 -100.0
79 0.0 0.0 -100.0
259 0.0 0.0 -100.0
277 0.0 0.0 -100.0
438 0.0 0.0 -100.0
371 0.0 0.0 -100.0
278 0.0 0.0 -100.0
83 0.0 0.0 -100.0
84 0.0 0.0 -100.0
306 0.0 0.0 -100.0
218 0.0 0.0 -100.0
272 0.0 0.0 -100.0
206 0.0 0.0 -100.0
219 0.0 0.0 -100.0
202 0.0 0.0 -100.0
374 0.0 0.0 -100.0
176 0.0 0.0 -100.0
161 0.0 0.0 -100.0
63 0.0 0.0 -100.0
67 0.0 0.0 -100.0
167 0.0 0.0 -100.0
189 0.0 0.0 -100.0
166 0.0 0.0 -100.0
165 0.0 0.0 -100.0
382 0.0 0.0 -100.0
375 0.0 0.0 -100.0
16 0.0 0.0 -100.0
273 0.0 0.0 -100.0
380 0.0 0.0 -100.0
418 0.0 0.0 -100.0
420 0.0 0.0 -100.0
404 0.0 0.0 -100.0
100 0.0 0.0 -100.0
98 0.0 0.0 -100.0
30 0.0 0.0 -100.0
159 0.0 0.0 -100.0
69 0.0 0.0 -100.0
68 0.0 0.0 -100.0
140 0.0 0.0 -100.0
142 0.0 0.0 -100.0
192 0.0 0.0 -100.0
302 0.0 0.0 -100.0
279 0.0 0.0 -100.0
274 0.0 0.0 -100.0
174 0.0 0.0 -100.0
35 0.0 0.0 -100.0
34 0.0 0.0 -100.0
179 0.0 0.0 -100.0
260 0.0 0.0 -100.0
238 0.0 0.0 -100.0
241 0.0 0.0 -100.0
246 0.0 0.0 -100.0
401 0.0 0.0 -100.0
244 0.0 0.0 -100.0
364 0.0 0.0 -100.0
134 0.0 0.0 -100.0
264 0.0 0.0 -100.0
402 0.0 0.0 -100.0
133 0.0 0.0 -100.0
149 0.0 0.0 -100.0
164 0.0 0.0 -100.0
107 0.0 0.0 -100.0
97 0.0 0.0 -100.0
112 0.0 0.0 -100.0
89 0.0 0.0 -100.0
234 0.0 0.0 -100.0
311 0.0 0.0 -100.0
95 0.0 0.0 -100.0
355 0.0 0.0 -100.0
426 0.0 0.0 -100.0
356 0.0 0.0 -100.0
347 0.0 0.0 -100.0
348 0.0 0.0 -100.0
309 0.0 0.0 -100.0
354 0.0 0.0 -100.0
235 0.0 0.0 -100.0
247 0.0 0.0 -100.0
191 0.0 0.0 -100.0
91 0.0 0.0 -100.0
232 0.0 0.0 -100.0
321 0.0 0.0 -100.0
391 0.0 0.0 -100.0
169 0.0 0.0 -100.0
150 0.0 0.0 -100.0
153 0.0 0.0 -100.0
243 0.0 0.0 -100.0
249 0.0 0.0 -100.0
182 0.0 0.0 -100.0
145 0.0 0.0 -100.0
146 0.0 0.0 -100.0
365 0.0 0.0 -100.0
270 0.0 0.0 -100.0
158 0.0 0.0 -100.0
350 0.0 0.0 -100.0
157 0.0 0.0 -100.0
352 0.0 0.0 -100.0
267 0.0 0.0 -100.0
151 0.0 0.0 -100.0
