449
4.14222 4.69699 0.05
4.27375 5 -0.05
4.42776 4.77128 0.05
4.14027 4.68915 -0.05
4.65617 4.81885 0.05
4.65605 4.81582 -0.05
4.53331 5 -0.05
-4.87982 5 0.05
-4.8827 5 -0.05
-4.73148 5 -0.05
-4.84511 4.8525 -0.05
-5 4.73148 0.05
-5 4.87982 -0.05
-5 4.72937 -0.05
4.81889 -4.65615 0.05
4.84511 -4.8525 -0.05
4.65605 -4.81582 0.05
4.81588 -4.6562 -0.05
4.87982 -5 0.05
4.8827 -5 -0.05
4.92511 -4.82936 -0.00222407
5 -4.8827 0.05
5 -4.87982 -0.05
4.85249 -4.84511 0.05
4.72937 -5 0.05
5 -4.73148 0.05
-4.69699 4.14222 0.05
-5 4.27607 0.05
-4.77129 4.42775 0.05
-5 4.27375 -0.05
3.19434 -3.80367 0.05
3.80296 -3.19121 -0.05
3.24881 -3.79318 -0.05
3.05286 -3.06844 -0.05
-4.03951 -3.72881 0.05
-3.80286 -3.19688 0.05
-3.79353 -3.24795 -0.05
-4.11413 -3.70099 -0.05
-5 3.93804 -0.05
-4.66217 4.15039 -0.05
-5 3.93879 0.05
-4.33161 2.63485 0.05
-5 2.92568 0.05
-4.48855 3.26766 -0.05
-4.33354 2.62494 -0.05
-5 2.1786 0.05
-5 2.17361 -0.05
-5 2.92278 -0.05
-4.4399 2.26674 0.0122307
-4.1345 1.80542 -0.05
-4.14029 1.79231 0.05
5 -4.27607 0.05
5 -4.53331 -0.05
5 -4.53398 0.05
4.76945 -4.427 -0.05
5 -4.27375 -0.05
4.68923 -4.14018 -0.05
5 -3.93879 0.05
4.64828 -4.16528 0.05
5 -5 0.05
5 -5 -0.05
-4.60512 3.76531 0.05
-5 3.49774 0.05
-0.658723 -3.90145 0.05
-0.000107504 -5 -0.05
-0.719185 -3.8872 -0.05
0.659791 -3.90136 -0.05
0.711007 -3.89481 0.05
0.0142325 -2.7679 0.05
1.45527 -3.03169 0.05
-0.016048 -2.76559 -0.05
-4.73148 -5 0.05
-4.72937 -5 -0.05
-4.87982 -5 -0.05
-4.84136 -4.8528 -0.05
-4.8827 -5 0.05
-5 -4.8827 -0.05
-5 -5 -0.05
-5 1.20356 0.05
-3.9014 0.659621 0.05
-5 0.000107504 -0.05
-3.88732 0.719144 -0.05
-5 -0.000107504 0.05
-4.56224 -3.8067 0.05
-4.48843 -3.26769 0.05
-3.1975 -3.80312 -0.05
-3.72892 -4.03946 -0.05
-4.26577 -4.13419 -0.05
-4.60514 -3.7653 -0.05
3.49533 -2.44273 0.05
3.4821 -2.44072 -0.05
3.063 -3.0558 0.05
2.35628 -2.39206 -0.05
3.01498 -1.48135 -0.05
4.13987 -1.79281 0.05
3.00708 -1.45188 0.05
4.13445 -1.80543 -0.05
3.79588 -3.25046 0.05
3.70831 -4.03946 0.05
4.04093 -3.70702 -0.05
4.15192 -4.2431 0.05
3.72707 -4.11337 -0.05
4.24394 -4.15164 -0.05
-5 4.53398 0.05
-4.81885 4.65617 0.05
-5 4.53331 -0.05
1.79246 4.14048 0.05
1.45013 3.06267 0.05
0.659631 3.90122 0.05
0.710982 3.89484 -0.05
1.20356 5 0.05
1.79658 4.13313 -0.05
2.43911 3.51484 0.05
2.43288 3.49816 -0.05
2.62485 4.33398 -0.05
4.85282 4.8415 0.05
5 4.73148 -0.05
4.81889 4.65615 -0.05
4.85249 4.84511 -0.05
5 -2.1786 0.05
5 -2.92568 0.05
4.33191 -2.63457 0.05
4.3335 -2.62495 -0.05
-5 4.8827 0.05
-5 5 -0.05
-5 5 0.05
-2.62486 4.33326 0.05
-1.80538 4.13428 0.05
-2.6347 4.33178 -0.05
-2.04063 4.62696 0.00145349
-2.17361 5 0.05
-1.20407 5 0.05
-1.20356 5 -0.05
-1.48335 3.02247 0.05
-2.44485 3.48367 0.05
-2.43958 3.5156 -0.05
-0.719199 3.88719 0.05
-1.79242 4.14064 -0.05
-0.658892 3.90159 -0.05
-1.45154 3.06541 -0.05
-1.45064 -3.06486 0.05
-1.4843 -3.02209 -0.05
-2.43958 -3.51566 0.05
-1.80539 -4.13428 -0.05
-2.44305 -3.48232 -0.05
-2.36271 -2.41394 0.05
-1.13117 -1.9311 0.05
-2.41307 -2.36116 -0.05
-1.07563 -1.91822 -0.05
-0.0167754 2.76512 0.05
1.1427 1.90077 0.05
0.123763 1.49552 0.05
1.08405 1.88338 -0.05
-1.08332 1.92094 0.05
-1.13265 1.9324 -0.05
-0.113181 1.50361 -0.05
0.665514 0.614241 -0.05
0.644364 0.445764 0.05
-0.533135 0.626637 0.05
2.43353 -3.49763 0.05
2.4387 -3.5145 -0.05
-1.79232 -4.1403 0.05
-2.17361 -5 -0.05
-1.20407 -5 -0.05
4.11623 -3.72618 0.05
3.77264 -4.58861 0.05
3.26766 -4.48855 0.05
1.79659 -4.13312 0.05
1.45054 -3.06318 -0.05
2.34158 -2.35393 0.05
1.20407 -5 0.05
0.000107504 -5 0.05
1.20356 -5 -0.05
1.79242 -4.14063 -0.05
-3.48357 -2.44486 0.05
-3.07183 -3.05423 -0.05
-2.63485 -4.33162 0.05
-2.62487 -4.33328 -0.05
-2.09509 -4.42582 0.021738
-3.02149 -1.48343 0.05
-3.51599 -2.43921 -0.05
-3.06572 -1.45044 -0.05
-1.91501 -1.0838 0.05
-1.93235 -1.12917 -0.05
4.48844 3.26768 0.05
4.4854 3.27572 -0.05
3.79387 3.24694 -0.05
4.11453 3.72488 -0.05
2.17361 -5 0.05
2.62485 -4.33398 0.05
2.1786 -5 -0.05
-3.05516 -3.07138 0.05
-3.24841 -3.7936 0.05
-4.33164 -2.63483 -0.05
-2.36416 2.41495 -0.05
-3.26769 -4.48843 -0.05
-4.81588 4.65619 -0.05
-4.81282 4.7769 -0.00593234
-2.1786 -5 0.05
-2.92278 -5 -0.05
-2.92568 -5 0.05
-4.48511 -3.27568 -0.05
-3.76531 -4.60512 0.05
-3.49774 -5 0.05
-3.93804 -5 -0.05
-3.49781 -5 -0.05
-4.14222 -4.69699 0.05
-4.27375 -5 -0.05
-4.1646 -4.64591 -0.05
3.88725 -0.718247 -0.05
1.90653 -0.901934 -0.05
2.78937 -0.0179699 -0.05
-1.20356 -5 0.05
5 4.53331 0.05
5 4.53398 -0.05
5 4.27607 -0.05
4.76417 4.43057 -0.05
5 4.72937 0.05
-4.3333 -2.62486 0.05
-4.13426 -1.80545 0.05
-4.14035 -1.79233 -0.05
4.73148 5 0.05
4.72937 5 -0.05
4.75148 4.88576 -0.00918306
5 -4.72937 -0.05
4.48532 -3.27568 0.05
4.48855 -3.26766 -0.05
4.45266 -2.12604 -0.0212658
5 -2.92278 -0.05
5 -3.49781 -0.05
5 -2.17361 -0.05
-3.93879 -5 0.05
2.35586 2.3921 0.05
1.45502 3.03139 -0.05
3.24763 3.79338 0.05
3.05297 3.07023 0.05
3.19458 3.80321 -0.05
2.63467 4.33177 0.05
-3.06549 1.45058 0.05
-3.02171 1.48387 -0.05
-2.76968 0.0201074 -0.05
-3.5161 2.4393 0.05
-3.48336 2.44531 -0.05
-2.41517 2.36299 0.05
-4.26566 4.13424 0.05
-4.5647 3.80149 -0.05
-3.79341 3.24798 0.05
-3.07208 3.05463 0.05
-3.80375 3.1973 -0.05
-1.9329 1.12892 0.05
-1.91564 1.08472 -0.05
-4.84137 4.85279 0.05
2.1786 5 0.05
4.76406 4.43045 0.05
4.64665 4.16628 0.05
4.6483 4.16538 -0.05
4.86016 4.16402 -0.000538427
-4.53398 -5 0.05
-4.68773 -4.91893 0.00389873
-3.88716 -0.719151 0.05
-2.76952 -0.0200507 0.05
-3.26769 4.48843 0.05
-3.27566 4.48541 -0.05
-3.2487 3.79489 -0.05
-3.19687 3.80294 0.05
-3.05715 3.07457 -0.05
-2.1786 5 -0.05
-1.518 0.102038 0.05
-0.588206 0.520583 -0.05
-1.51824 -0.101548 -0.05
-0.588458 -0.519353 0.05
2.63471 -4.33177 -0.05
-4.42775 -4.77129 0.05
-4.59422 -4.59615 0.05
-4.39431 -4.44151 0.05
-4.42892 -4.76309 -0.05
-4.44162 -4.39431 -0.05
-4.76235 -4.42735 0.05
-4.64582 -4.1642 0.05
-4.13423 -4.26566 0.05
-4.65403 -4.8166 -0.05
-4.59618 -4.59412 -0.05
-4.65404 4.81713 0.05
-4.53331 5 0.05
-4.43046 4.76402 -0.05
-4.65615 4.81889 -0.05
-4.42882 4.76317 0.05
-4.27607 5 -0.05
5 3.93804 0.05
5 3.93879 -0.05
4.5776 3.80364 -0.05
5 3.49774 -0.05
5 3.49781 0.05
4.56206 3.80661 0.05
4.15172 4.24304 -0.05
-0.000107504 5 0.05
0.000107504 5 -0.05
4.8827 5 0.05
5 5 -0.05
5 4.8827 -0.05
4.87982 5 -0.05
-3.8068 -4.56221 -0.05
-3.70103 -4.11408 0.05
-3.90145 -0.659604 -0.05
5 -1.20356 0.05
3.89341 -0.684348 0.05
-4.65617 -4.81885 0.05
-4.53331 -5 -0.05
-4.27607 -5 0.05
3.80265 3.1964 0.05
3.70812 4.03852 -0.05
3.70093 4.11404 0.05
3.27574 4.48506 0.05
3.26766 4.48855 -0.05
-5 -3.93804 0.05
-5 -3.49781 0.05
-5 -3.49774 -0.05
-4.69702 -4.14222 -0.05
-5 -3.93879 -0.05
0.0137954 2.7681 -0.05
2.34138 2.35223 -0.05
1.90603 0.9017 0.05
1.83643 0.823956 -0.05
4.33328 2.62487 0.05
4.33192 2.63457 -0.05
5 2.1786 -0.05
4.4257 2.09532 -0.0210136
3.76532 4.60512 0.05
3.77267 4.58854 -0.05
5 2.17361 0.05
3.49774 5 0.05
3.49781 5 -0.05
-4.27375 5 0.05
-4.15542 4.67538 -0.05
-4.29539 4.69812 0.0049927
-3.77975 4.60047 -0.05
-3.49774 5 -0.05
-3.70441 4.11489 -0.05
-3.80678 4.56226 0.05
4.13988 1.79282 -0.05
-2.92278 5 0.05
5 -3.49774 0.05
5 -3.93804 -0.05
4.58898 -3.77258 -0.05
4.57821 -3.80358 0.05
5 1.20356 -0.05
4.13423 1.80545 0.05
3.01459 1.48149 0.05
3.48148 2.4416 0.05
3.49414 2.4407 -0.05
0.665374 -0.614784 0.05
0.644281 -0.446921 -0.05
-0.112524 -1.50311 0.05
-0.533118 -0.625326 -0.05
4.03935 3.72877 0.05
4.1342 4.2657 0.05
4.39441 4.44157 0.05
4.73148 -5 -0.05
-5 -2.92568 -0.05
-5 -2.1786 -0.05
5 2.92568 -0.05
-4.1646 4.64597 0.05
-4.44347 4.38669 -0.05
5 2.92278 0.05
-4.44153 4.39437 0.05
1.08472 -1.88391 0.05
0.126444 -1.49508 -0.05
1.14375 -1.90177 -0.05
4.44316 -4.39328 -0.05
3.80394 -4.57752 -0.05
4.39324 4.44301 -0.05
-4.85279 -4.84135 0.05
-5 -4.73148 -0.05
-2.92568 5 -0.05
-3.27568 -4.48505 0.05
4.42652 -4.76935 0.05
4.53331 -5 0.05
4.53398 -5 -0.05
4.65615 -4.81889 -0.05
4.27607 -5 -0.05
4.59718 -4.59029 0.05
4.59031 -4.59723 -0.05
4.14011 -4.68911 0.05
4.27375 -5 0.05
5 4.27375 0.05
4.16465 -4.64788 -0.05
4.43054 -4.76415 -0.05
3.93879 5 0.05
2.92568 5 0.05
2.92278 5 -0.05
3.93804 5 -0.05
1.83552 -0.823947 0.05
-3.93804 5 0.05
-4.1572 4.24839 -0.05
-5 -4.87982 0.05
3.88711 0.718254 0.05
5 0.000107504 0.05
3.88493 0.698699 -0.05
5 -0.000107504 -0.05
3.05972 3.05486 -0.05
-4.48505 3.27569 0.05
-4.11404 3.70099 0.05
-3.72876 4.03946 0.05
4.76417 -4.43057 0.05
4.39324 -4.44301 0.05
5 -1.20407 -0.05
-3.49781 5 0.05
-5 -4.27375 0.05
-5 -4.27607 -0.05
-5 -4.53331 0.05
-4.77127 -4.42776 -0.05
-5 -4.53398 -0.05
3.49781 -5 0.05
2.92568 -5 -0.05
3.27566 -4.48541 -0.05
3.49774 -5 -0.05
-5 -1.20356 -0.05
-4.5901 4.59689 -0.05
-4.59613 4.59415 0.05
4.42654 4.76935 -0.05
4.59429 4.59615 0.05
4.59719 4.59028 -0.05
-4.72937 5 0.05
-4.53398 5 -0.05
-5 -2.17361 0.05
-5 -1.20407 0.05
2.78885 0.019199 0.05
3.00681 1.45122 -0.05
5 4.87982 0.05
4.53398 5 0.05
-4.76968 4.42677 -0.05
3.93804 -5 0.05
3.93879 -5 -0.05
-5 1.20407 -0.05
4.81803 4.65592 0.05
1.20407 5 -0.05
-4.04009 3.72693 -0.05
-4.81885 -4.65617 -0.05
-4.81709 -4.65386 0.05
4.27607 5 0.05
-5 3.49781 -0.05
5 1.20407 0.05
2.92278 -5 0.05
-3.93879 5 -0.05
2.17361 5 -0.05
-5 -2.92278 0.05
-5 -4.72937 0.05
5 5 0.05
-5 -5 0.05
