23
0.214696 -0.214696 -5
1.59099 1.59099 -2.5
2.22045e-16 2.12132 -5
-0.0438348 -0.0118382 -2.49568
1.59099 -1.59099 -2.5
-1.06066 1.06066 0
1.06066 1.06066 0
-2.12132 2.22045e-16 -5
-1.59099 1.59099 -2.5
-1.59099 -1.59099 -2.5
1.11022e-16 -2.12132 -5
-1.06066 -1.06066 8.41885e-16
1.06066 -1.06066 8.41885e-16
-2.12132 2.12132 -5
0.53033 -0.53033 2.5
-0.53033 0.53033 2.5
0 0 5
0.53033 0.53033 2.5
2.12132 -2.22045e-16 -5
2.12132 2.12132 -5
-0.53033 -0.53033 2.5
-2.12132 -2.12132 -5
2.12132 -2.12132 -5
