2216
-4.13872 -0.323004 -0.146258
-4.26163 -0.125338 -0.197603
-4.2131 -0.214992 0.0973768
-4.12621 0.00755234 -0.00228853
-3.98212 -0.202623 0.122064
-4.32681 -0.0788751 0.291308
-3.98862 0.157306 0.109162
-4.11613 0.325122 -0.17238
-4.27949 0.251177 0.00870079
-3.78234 -0.0553908 -0.0309834
-4.34369 0.130757 -0.293059
-4.46295 -0.0607937 -0.00650435
-3.08761 -0.103297 -0.339188
-3.11364 -0.0345031 0.0237336
-2.95731 -0.225721 -0.138996
-2.88388 0.0922496 -0.139101
-3.09266 0.261518 0.0951358
-2.93336 0.421358 -0.299598
-3.22512 0.0860857 -0.206474
-2.89323 0.106676 -0.412157
-2.53758 0.0099439 -0.332553
-2.80969 -0.143937 -0.42394
-2.67443 -0.0576279 -0.0273286
-2.63475 -0.231825 -0.230967
-2.70171 0.282022 -0.416132
-2.07645 0.136532 0.181025
-2.47465 0.10853 0.21489
-2.20552 -0.176567 0.454564
-2.10427 0.118601 0.436407
-2.4052 0.289917 0.467926
-2.51926 -0.0742829 0.498242
-2.34482 -0.128552 0.161769
-2.35244 0.0147275 -0.0457842
-2.09036 -0.220099 0.218199
-2.38481 -0.336166 0.0291908
-2.18923 -0.310061 -0.0796512
-2.67225 -0.214533 0.250212
-2.49157 -0.399933 0.293971
0.881108 -0.0277902 -0.00222933
0.690744 0.166288 0.0614978
0.903233 0.262913 0.213154
0.959728 0.287686 -0.0698881
0.629368 0.469732 -0.0708001
0.829555 0.413347 -0.285143
0.745216 0.164314 -0.226213
1.20979 0.15107 0.0910385
1.21019 0.457237 0.0775682
1.06163 0.383432 0.314559
3.49108 -0.631794 0.0842245
3.38782 -0.328612 0.129671
3.19938 -0.450362 0.279555
3.38533 -0.439587 0.426094
1.03866 0.0952249 -0.244856
1.32978 0.402948 -0.270019
1.26391 -0.00205199 -0.326597
1.53788 -0.0414706 -0.0103837
1.48047 -0.0285103 -0.326529
1.42238 0.221214 -0.238709
1.49808 0.41526 0.0211881
-4.0576 0.591211 -0.119496
-4.3195 0.771899 -0.0817955
-4.24439 0.526095 0.116252
-4.00181 0.630402 0.182633
1.35749 0.22276 -0.50935
4.69644 1 -0.180319
5 1 -0.333333
4.78836 0.627645 -0.32959
4.5671 0.784758 -0.389115
1.59627 0.250841 -0.474051
1.70808 0.419869 -0.281555
1.65706 0.147241 -0.188464
-4.03934 0.404908 0.176409
-4.23074 0.192011 0.274725
-4.13967 0.426449 0.472604
-4.53894 0.245715 0.264417
-4.253 0.213597 0.51018
-4.38328 0.395809 0.21876
-4.06648 -0.0235469 0.364026
-3.98081 0.195092 0.398923
0.541303 0.445898 0.515819
0.407288 0.102477 0.368689
0.551593 0.327793 0.163555
0.691319 0.275694 0.60027
0.356064 0.315177 -0.443974
0.233997 0.495801 -0.161491
0.136189 0.473018 -0.475848
0.171592 0.248078 -0.168942
-0.0797713 0.342281 -0.12314
0.0729506 0.317311 0.131874
2.94455 -0.285679 0.381191
3.15207 -0.162397 0.436414
2.91184 -0.142927 0.184748
1.5 -1 0.715456
1.83333 -1 0.715456
1.66667 -1 0.430913
1.66668 -0.808705 0.620572
2.60915 -0.15702 0.135529
2.62075 -0.159565 0.476279
2.86078 0.046821 0.333405
3.12286 -0.000658133 -0.0230599
3.1133 -0.371196 -0.0036415
2.99785 -0.189823 -0.14909
4.36816 -1 0.400109
4.14963 -0.726937 0.35219
4 -1 0.430913
4.36546 -0.798005 0.563465
4.39838 -0.365257 -1
4.33756 -0.120286 -0.78851
4.39837 -0.577044 -0.788462
4.66159 -0.359853 -0.791287
2.68184 -0.4624 0.247203
2.93249 -0.536551 0.309098
2.7712 -0.372736 0.0286012
4.35921 -0.787452 0.162589
4.57207 -0.777652 0.361738
0.795272 0.083563 0.317126
0.315076 0.214778 0.0439882
0.509661 0.272325 -0.235116
0.519039 -0.0351886 -0.0345883
-2.03276 0.458484 -0.0675982
-2.27718 0.246122 -0.243213
-2.00667 0.532631 -0.296263
-1.99398 0.242895 -0.26486
-1.80539 0.38534 -0.286301
-1.73091 0.202021 -0.523965
-1.70948 0.101605 -0.19766
-2.06156 0.154438 -0.109732
-2.06973 0.273582 -0.508123
-1.99311 -0.0705225 -0.50017
-2.17049 -0.10006 -0.332629
-4.02972 -0.486705 -0.321131
-3.868 -0.370852 -0.139708
-3.7918 -0.186514 -0.398101
-3.97776 0.0373221 -0.274143
-4.54003 -0.294036 0.237554
-3.83333 -1 -0.715456
-4.01376 -1 -0.427674
-3.66667 -1 -0.430913
-3.86806 -0.786178 -0.412733
-4.66089 -0.0248103 0.13247
-4.62669 0.104778 -0.143627
-4.50011 0.229415 -0.0178919
-4.79219 -0.0958242 -0.0637278
-4.56666 -0.282904 -0.251108
-4.54638 -0.291183 -0.0458967
-2.5 -0.715456 1
-2.33333 -1 1
-2.66667 -1 1
-2.5 -1 0.715456
2.65853 -0.431319 0.545648
2.32482 -0.431043 0.546105
2.45295 -0.18316 0.308931
2.14254 -0.177202 0.185997
2.15932 0.0873896 0.265453
2.44364 0.0393442 0.00108428
2.28443 -0.159913 0.475842
2.37916 -0.413584 0.285059
2.52699 0.0470922 0.333599
-2.01663 -0.0456906 0.739549
-1.81327 -0.156568 0.482885
-1.85529 0.0678096 0.391034
-2.15738 0.0970164 0.665424
4.70692 1 0.537151
4.7742 0.645218 0.408813
4.74647 0.731391 0.732805
4.46903 0.702549 0.519511
-2.07591 0.511342 0.328404
-1.93129 0.306214 0.48616
4.16667 -1 0.715456
4.48971 -1 0.721276
4.3088 -0.609104 0.737356
-1.76627 0.115859 0.616664
-2.20978 0.425564 0.540954
-2.03688 -0.104036 -0.044058
-1.81966 -0.0471281 -0.333281
-1.7927 0.0122667 0.0418722
-1.6331 -0.310415 -0.0833598
-1.50565 0.0464378 -0.0456798
4.71764 -0.752765 0.749003
4.53795 -0.593556 0.55601
5 0.712268 0.497418
3.64995 -0.37149 0.194061
3.93466 -0.471566 0.313328
3.74656 -0.173483 0.491179
3.74176 -0.456553 0.523912
3.83753 -0.333416 0.0488141
4.0799 -0.222086 0.170614
3.6751 -0.0631004 0.212204
3.87682 -0.207689 0.28885
3.97098 0.0233688 0.327495
4.10522 -0.120081 0.483882
4.70723 -1 0.537751
-0.148259 1 -0.140898
-0.446309 0.659402 -0.130301
-0.499227 1 -0.128171
-0.34697 0.727258 -0.325065
4.06125 -0.416915 0.533996
4.21566 -0.361795 0.318921
-3.73538 -0.447332 0.151402
-3.59836 -0.264313 0.243358
-3.61699 0.122027 0.321633
-3.82064 -0.0381327 0.324494
-3.42629 -0.137397 0.469437
-3.41448 -0.124366 0.083675
-0.838463 0.33089 -0.798845
-0.439656 0.371639 -0.789325
-0.692439 0.648359 -0.768116
-0.49896 0.565607 -0.565827
-3.71192 -0.304202 0.547769
-3.82384 -0.0834482 0.660902
-3.61214 -0.390027 -0.134844
4.70693 0.537222 1
4.62472 0.324725 0.723509
4.78635 0.354203 0.597494
-3.96776 -0.470799 0.316634
-3.57693 -0.561072 0.399331
-4.34691 -0.245837 0.570975
-4.21877 -0.354645 0.327462
-4.37084 -0.42146 0.131631
-4.1874 -0.58696 0.45093
-4.53261 -0.476976 0.440363
-4.11214 -0.541605 0.111759
2.88262 -0.280731 -0.495894
2.86083 -0.0470409 -0.333568
3.19604 -0.297924 -0.343047
3.1885 -0.0467499 -0.333292
3.16437 -0.120756 -0.60085
3.22641 -0.429483 -0.565273
2.91032 -0.488653 -0.314759
3.39737 -0.284449 -0.491571
1.16585 0.131541 -1
0.987029 -0.0017106 -0.803016
1.32439 -0.00521312 -0.776604
1.0864 0.144288 -0.633055
1.22091 0.347241 -0.788845
1 0.430913 -1
0.905944 0.512718 -0.69804
0.856805 0.172849 -0.517587
0.797594 0.309602 -0.808468
0.657469 0.0185701 -0.769022
-0.90944 0.687424 -0.127085
-0.555869 0.788182 -0.342451
-0.691706 0.490208 -0.123816
1.04269 0.318816 -0.408757
-0.0433352 -0.184687 -0.204961
-0.140618 -0.0241812 0.00162296
0.127702 -0.0034797 -0.000770078
0.0109755 0.012079 -0.233706
-0.0532986 0.0111969 -0.447259
-0.134563 0.295395 -0.493719
0.239412 0.0881383 -0.375954
-0.343535 0.181469 -0.2184
3.61704 -0.402702 -0.0583221
3.50468 -0.174684 -0.244567
3.2949 -0.182017 -0.0831176
3.48516 -0.122602 0.0646808
3.37465 0.135563 -0.129874
3.32809 0.0820639 0.112744
-0.679253 0.304451 0.361885
-0.527641 0.0665483 0.462836
-0.633339 0.161582 0.114142
-0.318808 0.228854 0.171094
3.39877 -0.158675 0.320005
3.16228 -0.142831 0.185146
-2.84955 0.363816 0.297355
-3.10543 0.319672 0.389271
-3.16825 0.0649796 0.269324
-3.21306 0.359839 -0.140593
-3.40164 0.269819 0.110952
-3.33911 0.528065 0.164054
-0.761018 0.77628 0.348881
-0.462199 0.573049 0.554579
-0.659545 0.804531 0.613117
-0.796162 0.491655 0.470554
0.148412 0.0848197 -0.68913
0.499837 -0.112025 -0.484241
0.433599 0.00850825 -0.805008
0.56867 0.129162 -0.546196
0.492539 0.329766 -0.80468
0.687868 0.35936 -0.524405
-1.16548 1 0.128661
-0.846913 1 -0.141422
-0.779729 0.754159 0.079952
0.81157 -0.115935 -0.639457
0.929681 -0.058624 -0.364463
-0.35956 0.620692 0.112828
-0.27268 0.279751 0.404406
-0.147766 0.498468 0.0942964
1.23569 -0.156845 0.038029
-2.83333 -0.715456 1
-2.58052 -0.612847 0.791079
-2.83333 -1 0.715456
-2.84529 -0.656962 0.523857
-0.571977 0.469091 0.13813
-3 -1 0.430913
-2.68093 -0.820291 0.570276
-2.81934 -0.796372 0.332342
-2.66667 -1 0.430913
-2.63333 -0.619477 0.417686
-2.85172 -0.487853 0.277879
-2.75276 -0.311319 0.470062
-3.17171 -0.79909 0.331171
-3.28797 -0.549175 0.327219
-1.26668 0.170393 -0.504368
-1.16025 0.174639 -0.170204
-1.43952 0.273319 -0.298546
-1.43066 -0.0173361 -0.349445
-1.59983 0.128502 -0.760613
-1.49539 -0.0901357 -0.66663
-0.500825 0.793391 0.3252
-1.44245 -0.280827 -0.416842
-4.32991 0.769011 0.636969
-4.76134 0.759298 0.736269
-4.61105 0.783708 0.379823
-4.67012 0.523036 0.534402
-2.36993 -0.30817 -0.285321
-2.57792 -0.302879 -0.559027
-2.56294 -0.510182 -0.303385
-2.6311 -0.690147 -0.101446
-2.74371 -0.326736 0.0417983
-5 0.707064 0.537365
-4.78879 0.148512 0.327805
-4.65372 0.293086 0.736131
-4.13989 -0.171542 -0.480223
0.348067 -0.18933 0.152819
0.132736 -0.0408428 0.317986
0.344846 0.477911 -0.0488654
0.335387 0.551427 0.300083
-4.54062 0.59173 0.16751
-4.3787 0.479631 -0.201441
0.678296 -0.261361 -0.530505
0.544374 -0.436415 -0.534774
0.44679 -0.221152 -0.584273
0.0923073 -0.204431 -0.507561
0.312635 -0.25884 -0.24245
0.2289 -0.353942 -0.789446
0.258587 -0.491004 -0.48228
-4.36753 0.530624 0.778716
0.857159 0.543287 0.51334
0.872713 0.496982 0.101067
0.707384 0.424053 0.315271
0.554896 0.660704 0.131065
0.842546 0.802992 0.340655
0.535898 0.781931 0.353704
-3.81305 0.671774 -0.0968889
-3.80833 0.345463 -0.0231047
-3.81263 0.479736 -0.288807
-3.59276 0.378527 -0.311377
-3.74666 0.105126 -0.344056
-3.51568 0.33434 -0.128984
-3.50656 -0.0301979 -0.300543
-3.36342 0.297108 -0.353732
0.910927 -0.456658 -0.464576
1.17446 -0.215998 -0.344861
1.18618 -0.436599 -0.495503
0.980634 -0.286366 -0.542383
-3.39512 0.464605 -0.562983
-3.49856 0.215828 -0.563486
-3.91937 0.286522 -0.492725
-3.60089 0.562839 -0.4666
2.14003 0.141274 -1
1.81205 0.14155 -1
1.85089 -0.140937 -1
2.02074 -0.0184011 -0.809501
-2.55127 0.137279 -0.520305
-3.33333 -1 0.430913
-3.50054 -1 0.156065
-3.66667 -1 0.430913
-3.50018 -0.792825 0.325806
-3.1235 0.461798 -0.506692
-3.13801 0.3753 -0.794838
-3.21551 0.140182 -0.509452
-2.99159 -0.00242147 -0.802537
1.14057 -0.766596 -0.375123
1.05401 -0.571106 -0.757914
-2.81006 -0.0730334 -0.64394
0.7199 -0.610994 -0.778736
0.638711 -0.808999 -0.553774
-2.76955 0.320015 -0.76784
-2.74285 0.290376 -0.0664246
-3.18962 -0.0647319 -0.640155
-1.3013 -0.0930264 0.210556
-1.30415 -0.204498 -0.132879
-1.04655 -0.0504398 0.0761639
4.28648 -0.511793 0.35116
4.09551 -0.489815 0.0834858
4.38342 -0.258427 0.16984
4.28746 -0.059432 0.223264
4.32896 -0.361586 0.576331
4.34138 -0.117152 0.512278
4.3379 -0.486433 0.103856
4.24553 0.5448 0.279599
4.22894 0.27169 0.256616
3.93489 0.476474 0.158471
4.20553 0.498539 0.0455061
1.16667 -1 -0.715456
1 -1 -0.430913
1.33333 -1 -0.430913
4.20767 0.442558 -0.207365
4.04149 0.786609 -0.0575584
4.4332 0.774057 -0.182483
4.30707 0.778264 0.163777
3.96033 0.757294 0.104145
3.82494 0.676288 -0.0745807
4.09287 0.329202 -0.0510306
-4.21505 0.0581348 -0.601008
-4.27978 0.320132 -0.566101
-4.56551 0.108581 -0.545604
-4.46566 -0.162526 -0.433492
-4.30006 -0.345212 -0.539512
-4.3556 -0.17652 -0.776287
1.80933 0.666504 -0.0934697
1.60113 0.818255 -0.0445785
1.47844 0.635511 0.152395
1.69804 0.712124 0.299789
1.50082 1 0.131555
1.47405 0.814257 0.335067
1.44709 0.554498 0.445523
1.66667 1 0.430913
1.96521 0.798427 0.327711
1.72172 0.809848 0.564131
3.40811 0.129857 0.400735
3.70476 0.281458 0.420855
3.67517 0.228972 0.174159
3.72731 -0.106529 -0.135401
-0.825418 -0.771996 -0.312996
-0.738265 -0.732809 -0.60237
-1.14303 -0.794958 -0.334999
-0.843068 -0.535745 -0.448111
1.54781 0.665719 -0.0857809
1.30567 0.788242 0.0122299
1.49117 0.0811932 0.348279
1.64006 0.248086 0.207234
1.39605 0.287565 0.39649
1.83173 0.471819 0.14511
4.67718 -0.0517713 0.204438
4.56702 -0.0978089 -0.103339
4.1273 -0.0594899 -0.0672233
3.93116 0.190485 0.123573
-0.232254 -0.0868341 -0.70302
-0.48795 0.0741106 -0.623864
-0.492233 -0.30345 -0.787144
-0.456651 -0.102382 -0.410869
0.688612 -0.171225 0.147334
0.706866 -0.204319 -0.202998
1.08251 -0.178786 -0.119402
1.05283 -0.434058 -0.259385
0.843942 -0.39972 0.0344935
2.64949 0.143099 -0.207603
2.66661 0.231762 0.128473
2.77465 -0.0246365 -0.0731181
2.43081 -0.297404 0.0521365
2.42118 -0.204928 -0.19895
2.11855 -0.051688 -0.0640291
2.21202 0.308998 0.182977
3.17981 0.0416811 0.339734
3.1539 -0.431989 0.545302
2.96352 -0.235894 0.624257
2.98513 0.189225 0.126097
-3.37744 -0.325683 -0.121295
-2.98761 -0.272031 -0.523752
-2.92387 -0.500573 -0.206896
-3.09786 -0.450767 -0.364639
-2.98407 -0.19796 0.250024
-3.17993 -0.333419 0.0476285
-0.185306 1 0.14183
0.149931 1 0.141678
-0.151868 0.77261 0.0609849
-2.82412 -0.51576 -0.54631
-1.85395 0.327377 -0.036429
3.49844 -0.785912 0.320814
3.49304 -0.317199 0.798858
3.55787 -0.540087 0.717733
3.39251 -0.760138 0.564182
3.3787 0.488693 0.313933
3.57615 0.504431 0.140114
3.24359 0.477546 -0.104773
3.1937 0.352715 -0.406158
3.0817 0.361175 -0.0979034
3.10865 0.499481 -0.40239
3.4943 0.486946 -0.255567
3.29878 0.197641 -0.396428
3.47285 0.739523 0.139505
3.08534 0.772521 0.0525993
3.07535 0.546123 0.154952
3.06699 0.658087 -0.151814
3.42918 0.715651 -0.0787198
-0.479845 -0.133832 -0.0881858
-0.314787 -0.144591 0.219643
-0.45979 0.328591 -0.0763889
-1.00813 -0.300374 -0.189558
-1.08274 -0.292822 -0.423436
-1.19538 -0.480756 -0.4112
0.955381 0.326574 0.549004
1.13073 0.0695895 0.485635
-4.58965 -0.787046 0.0353494
-4.40676 -0.552405 -0.137878
-4.79628 -0.616644 0.00848925
-4.57344 -0.57381 0.162493
0.819719 0.666841 -0.0941074
1.065 0.546916 -0.346694
-1.16578 -0.128457 -1
-0.819746 -0.142136 -1
-1.13967 -0.0780385 -0.626338
-1.00155 -0.313146 -0.730212
3.61546 0.123157 -0.322256
3.83814 0.333263 -0.0466857
-1.81963 0.141448 1
-2.18405 0.307863 0.792234
-1.82531 0.313153 0.771667
1.47362 -0.322922 -0.162073
1.17294 -0.3054 0.0744382
1.29261 -0.561068 -0.202258
1.39126 -0.275908 -0.42468
1.56226 -0.65955 -0.123517
1.50611 -0.417458 -0.410385
4.35045 -0.0697435 -0.218135
4.426 0.257535 0.101887
4.55945 0.340565 0.33614
4.34542 0.168559 0.514028
4.57504 0.0430211 0.431596
4.03135 0.285732 0.411943
4.15693 0.44208 0.557828
-3.47301 -0.470144 0.0909078
-3.87219 -0.658768 0.0548952
-3.86015 -0.7924 0.313145
-4.65618 -0.727915 -0.32978
-1.04681 -0.0582062 -0.26822
-1.35761 -0.531463 -0.121517
-1.4991 -0.550205 -0.550263
-1.49936 -0.333478 -0.802763
-1.25667 -0.307038 -0.765221
-1.67659 -0.552501 -0.356568
-1.8286 -0.285311 -0.412821
-0.666667 1 -0.430913
-0.896054 0.791603 -0.351244
4.66667 -1 1
4.33333 -1 1
4.48967 -0.721124 1
-1.49507 0.0449657 0.333474
-1.60212 -0.118297 0.534498
-1.62568 -0.113056 0.204095
-1.93818 -0.352802 0.117332
-1.61782 -0.383916 0.275966
-1.65476 0.268328 0.227839
-1.75689 0.788572 0.306892
-2.10332 0.813996 0.33604
-1.98393 0.805631 0.545839
-1.90521 0.584165 0.733064
-1.66667 0.808927 0.671262
-2 1 0.430913
-1.66667 1 0.430913
-2.25721 0.760824 0.57448
-1.83333 1 0.715456
-2.16667 1 0.715456
-4.14089 -0.771427 -0.365673
-4.06917 -0.635062 -0.14637
-4.38114 -0.785754 -0.154322
-4.5727 0.326875 -0.281874
-4.78393 0.393697 -0.151939
-4.56981 0.451578 -0.0612297
-4.37948 -0.757272 0.178424
-5 -0.145016 -0.134525
-4.7847 -0.172739 -0.346565
-4.79667 0.153515 -0.349134
-5 0.166667 -0.146369
-4.78889 0.205086 0.0417721
1.06885 0.616026 0.201183
1.16138 0.806258 0.332969
1.04632 0.78192 0.0488446
-0.862052 0.0112389 0.00349251
-0.701273 -0.167251 0.267691
-0.812715 -0.293594 0.0929532
-1.1566 0.308263 0.0359636
-1.076 0.282663 0.395677
-1.15654 0.0475265 0.346435
-0.944917 0.216741 0.209719
-1.36424 0.294284 0.265267
-0.854233 0.43857 0.10746
-1.14032 0.561381 0.30538
-0.187272 0.0464687 0.332969
0.0271268 -0.16375 0.18124
-0.202798 -0.0481086 -0.345366
-2.76165 -0.346291 0.785442
-2.98476 -0.346979 0.543754
-2.51517 -0.673762 0.0725507
-2.4728 -0.744402 0.376879
-2.48992 -0.431406 0.546189
-2.29267 -0.803669 0.624643
-3.64669 0.348447 0.542461
-3.87237 0.571455 0.553573
-3.67625 0.537828 0.185412
0.57208 -0.137976 0.469115
0.221247 -0.0993162 0.666707
0.291874 -0.266782 0.376264
0.249546 -0.516098 0.470961
0.173678 -0.330871 0.798302
0.0742427 -0.2845 0.476737
0.451883 -0.304148 0.803741
4.55107 -0.463767 -0.0836595
4.53752 -0.216032 -0.445765
4.31909 -0.490666 -0.206124
4.15527 -0.311065 -0.332153
4.28815 -0.290458 -0.542076
4.30477 0.215493 -0.231686
4.35488 -0.00235473 -0.562806
4.13232 -0.0413836 -0.333934
4.62235 0.243746 -0.0524324
-0.239878 0.555147 0.462751
-0.501088 1 0.156121
-0.279285 0.78935 0.340249
-1.13865 0.304627 -0.788052
-1.40236 0.295476 -0.796
-1.16346 0.544435 -0.561991
-1.40293 0.775271 -0.618944
-1.32243 0.636725 -0.802621
-1.4922 0.465024 -0.485987
-0.0987914 0.666541 -0.140875
1.66667 1 -1
1.33333 1 -1
1.5 0.715456 -1
1.5 1 -0.715456
-2.27253 0.419771 0.176947
4.66667 1 1
4.48953 0.720914 1
4.48958 1 0.720907
-2.81139 0.04087 0.445162
1.85443 -0.0673955 -0.307355
1.67739 -0.205884 -0.156253
1.98993 -0.244738 -0.272409
1.87494 -0.0220534 0.0447812
-2.49789 0.0955193 0.662407
-2.68972 0.331614 0.576348
-0.704623 0.665176 0.800511
-0.825049 0.313071 0.771872
-0.55816 0.322719 0.600096
-0.448483 0.416569 0.796526
-0.770647 0.0448129 0.687307
1.78341 -0.27852 -0.480839
1.67674 -0.134227 0.22116
1.83512 -0.372759 -0.00634781
-1.5223 0.312215 -0.0470371
-1.28466 0.525894 -0.157294
-0.9869 0.414915 -0.328999
-1.20341 0.805785 -0.343988
-0.848801 -0.0824971 -0.315413
-0.753596 -0.523194 0.0043901
-0.890324 0.0345798 0.350532
-1.07394 -0.201297 0.36101
-1.12964 -0.41313 0.134765
-0.937627 -0.441683 0.48575
-0.846696 -0.172908 0.550324
-0.532427 -0.473999 0.274138
-0.484421 -0.358287 0.0711645
3.43948 -0.489326 -0.160089
3.55338 0.0971125 -0.643611
-1.62527 0.537777 -0.148038
-1.82281 0.798491 -0.321307
3.70717 -0.282196 -0.418075
0.54225 -0.32784 -0.784661
0.625069 -0.504599 -0.26877
-1.84331 0.355495 -0.79289
-1.59306 0.481587 -0.730045
-1.749 0.775556 -0.661411
-1.82616 0.495036 -0.55883
-0.174682 -0.342915 -0.532415
-0.142823 0.0767628 0.70623
-1.04468 0.652152 0.73091
-0.934171 0.780397 0.57685
-1.44453 0.744581 -0.34078
-2.61125 0.475301 0.0905598
2.33075 0.139184 -0.169883
2.20522 -0.146946 -0.300914
1.99557 0.143461 -0.189771
2.11459 -0.413569 0.25975
2.1294 -0.42555 0.00226169
1.84556 -0.395381 0.30937
1.96569 -0.438696 0.517496
1.91014 -0.0904608 0.415402
1.82008 -0.671385 0.0914804
2.07489 -0.76793 0.327123
2.10541 -0.784908 0.014727
2.31688 -0.775984 0.290512
0.192301 0.697189 0.0368366
0.313453 0.807466 -0.255352
1.87565 0.157777 -0.48898
2.04347 0.41376 -0.284203
2.28101 0.170465 -0.48879
1.81537 0.32361 -0.0166864
2.02807 0.232653 0.120335
1.1508 -0.0843125 -0.570459
1.25141 0.569 -0.567866
4.50119 0.51366 -0.129837
4.35637 0.572108 -0.336815
4.57184 0.0804339 -0.46037
-2.22034 -0.629186 -0.0986838
-2.23761 -0.504891 -0.45642
-2.01632 -0.307282 -0.245871
-3.30263 -0.235859 0.257863
0.55301 -0.763246 0.567038
0.3205 -0.663691 0.784469
0.676726 -0.614878 0.808604
0.603746 -0.452309 0.52316
2.33333 1 0.430913
2.2139 0.785894 0.323504
2.40557 0.809025 0.569473
2.03595 0.809316 0.584555
2 1 0.430913
-4.08043 -0.0685761 0.779048
-4.33418 0.13137 0.789343
-4.0556 -0.280719 0.545827
2.462 0.515257 -0.649191
2.79245 0.452512 -0.363135
2.39991 0.411733 -0.297107
2.60303 0.174455 -0.501799
2.82062 0.800665 -0.333911
2.59753 0.80166 -0.667031
2.75383 0.587527 -0.719846
2.64368 0.606421 -0.310636
2.7648 0.667806 -0.120084
2.46182 0.794947 -0.322431
-1.32805 0.291609 0.514092
-1.45633 0.50087 0.418265
-1.53573 0.544423 0.180245
1.83333 1 0.715456
-1.96856 -0.759346 -0.641959
-2.34684 -0.652804 -0.754912
-2.03007 -0.408362 -0.615002
-2.29428 -0.294467 -0.790372
-2 -0.430913 -1
-1.99501 -0.612567 -0.80872
-1.8429 -0.315841 -0.789716
-1.95467 -0.541407 -0.376076
0.479777 -0.672671 -0.0551115
0.0817752 -0.797074 0.0595443
0.411383 -0.737356 0.127549
0.345178 -0.528452 -0.060677
0.383658 -0.531274 0.181429
0.536451 -0.354383 -0.0188319
0.426156 -0.737715 -0.316996
0.0927506 -0.65802 -0.138663
0.109104 -0.370622 -0.0487904
-0.0160223 -0.491453 -0.346713
-2.77853 0.660561 -0.130432
-3.02198 0.801581 -0.00908747
-2.8647 0.78269 -0.318666
-2.97331 0.521993 -0.0705127
1.83707 0.26436 0.403639
2.29629 0.305675 0.44084
1.99645 0.556152 0.475386
-3.18012 1 -0.141427
-3.18537 0.794347 -0.316347
-2.83419 1 0.156118
-2.89361 0.730447 0.114219
-2.91697 0.785345 0.396788
-3.34715 0.782334 0.135563
-3.21765 0.656258 -0.0698361
-2.83283 1 -0.128105
1.71508 0.654064 0.770674
1.66667 1 1
1.5 1 0.715456
-2.47226 0.356596 -0.0838016
-2.28742 0.564822 -0.250866
-2.52487 0.401631 -0.314808
-2.38928 0.73791 -0.00401589
-2.4949 0.798899 -0.330821
-2.20902 0.732836 0.14836
-2.18494 0.794846 -0.290944
-4.33303 0.180632 -0.784901
-3.82639 0.0848536 -0.672225
-2.84912 0.028273 0.127066
1.38696 0.630187 0.768371
1.32499 0.806213 0.620959
2.78334 0.367791 -0.0849067
3.92014 -0.161507 -0.375901
3.80924 -0.0939885 -0.665734
3.79474 0.149206 -0.566517
3.9055 -0.430402 -0.558749
3.81307 -0.475528 -0.31611
4.13354 -0.0867377 -0.667003
4.03529 0.165103 -0.475674
3.158 -0.321702 0.782288
2.96961 -0.554912 0.808614
2.82097 -0.794112 0.330343
3.04731 -0.773367 0.315992
2.9616 -0.585124 0.565548
2.6945 -0.736312 0.552677
3.26975 -0.631074 0.741791
4 0.430913 -1
3.66667 0.430913 -1
3.83679 0.144487 -1
3.81848 0.338116 -0.788679
4.72885 -0.489661 -0.326979
4.55263 -0.545501 -0.579128
4.78089 -0.151338 -0.376635
4.77856 -0.372313 -0.588204
5 1 0
4.61769 0.744139 -0.0317139
5 0.715456 -0.166667
4.78924 0.621147 0.0647011
4.78538 0.371059 -0.149094
4.69637 1 0.181024
4.56816 0.715305 0.29106
4.54473 0.560646 0.118868
4.76106 0.426181 0.186085
5 0.699725 0.177442
-0.0239032 -0.569979 0.808765
-0.110107 -0.431214 0.546315
-3.91607 -0.734466 -0.138608
-3.72607 -0.602413 -0.256333
-3.89646 -0.593124 -0.507903
-3.58426 -0.782158 -0.350302
-0.626025 0.180093 -0.275169
-0.847468 0.222445 -0.158245
-0.846356 0.160251 -0.491121
-0.743847 0.493413 -0.439259
-0.0865081 -0.316176 -0.0215946
0.134025 -0.489223 0.13228
1.19125 0.599851 -0.119038
1.16879 -0.155069 -1
1.12415 -0.252428 -0.811766
1.50104 -0.12816 -1
1.5424 -0.0861153 -0.628665
0.501088 -0.156121 1
0.185306 -0.14183 1
0.437077 0.0964944 0.681389
1.56066 -0.303887 -0.760452
1.68555 -0.00159871 -0.775891
3.57313 0.583037 0.477173
3.33099 0.325768 0.596758
3.15833 0.283163 0.398829
-2.73722 0.579811 -0.490597
-2.42503 0.458644 -0.554463
-2.65075 0.0152399 -0.784766
1.53885 -0.402243 0.165472
1.30027 -0.171312 0.445304
2.54302 -0.0670952 -0.334779
2.5245 0.340472 -0.129099
3.02915 0.199199 -0.214792
2.1901 -0.140932 -1
2.11935 -0.0766586 -0.62703
1.89773 -0.361257 -0.798662
2.1857 -0.385946 -0.799619
-1.7083 -0.619445 -0.732492
-1.81967 -0.0943476 -0.666823
-2.16672 -0.0945772 -0.666719
1.85319 -0.0900341 -0.660043
3.29055 -0.0859811 0.715719
1.33333 0.430913 -1
-4.64645 0.758132 -0.0071219
-4.62691 0.777266 -0.34685
0.833333 1 -0.715456
1 1 -0.430913
0.666667 1 -0.430913
0.7008 0.746331 -0.619663
-4.76606 0.345555 0.148919
4.5818 -0.338388 0.426859
4.7918 -0.170691 0.374957
4.6832 -0.00396187 0.654528
1.8592 0.293357 -0.779282
1.82429 0.516498 -0.568186
2.02442 0.221779 -0.624982
3.93179 0.424289 -0.292696
3.9851 0.146367 -0.189866
-2.12793 0.57257 -0.553797
-2.01473 0.786241 -0.603052
-1.94972 0.717723 -0.0614533
0.153099 0.316217 0.474743
0.0269306 0.757042 0.647975
0.0394012 0.548279 0.321484
-3.04635 0.521522 0.533919
-2.8161 0.565336 0.460909
-3.12345 0.549939 0.412758
-3.18053 0.787686 0.482459
-3.09557 0.594964 0.190213
-3.29307 0.620354 0.745345
-3.2087 0.335989 0.74915
-3.40712 0.307442 0.423211
-4.32593 0.801359 0.19091
-4.28459 0.631043 0.361583
-2.19362 -0.442604 0.232097
2 0.430913 -1
2.1814 0.37779 -0.797361
1.96005 0.591008 -0.808825
-1.96747 -0.329232 0.474601
-1.97386 -0.531284 0.372091
3.80399 0.458328 -0.532271
3.59662 0.254702 -0.526205
4.02071 0.0484837 -0.80262
0.105583 0.330489 0.796356
-0.0168218 0.093685 0.498623
-0.175038 -0.158724 0.47668
2.19534 0.459296 -0.554699
2.2887 0.0435474 -0.792038
1.16667 0.715456 1
1.5 0.715456 1
1.33333 0.430913 1
2.7639 -0.217484 -0.19843
2.59962 -0.308424 -0.414524
-0.266256 -0.764288 0.595987
-0.472938 -0.347571 0.493396
-0.612903 -0.554344 0.501796
-0.515041 -0.333571 0.796776
-0.356983 -0.641276 0.767693
-0.8274 -0.744228 0.302054
-0.816157 -0.306401 0.781354
0.666667 1 -1
0.5 0.715456 -1
0.833333 0.715456 -1
0.595234 0.56911 -0.796082
0.710837 0.646853 0.719879
0.438861 0.376764 0.796206
0.49923 0.128171 1
0.847448 0.0942533 0.666451
0.633688 -0.0799611 0.757064
0.840091 0.320852 0.783289
-1.16397 0.108989 0.629528
-1.26047 -0.146932 0.580688
-1.16737 -0.325876 0.792731
-2.3187 -0.0430642 0.800185
-2.51878 -0.310035 0.766138
3.8488 0.798955 -0.325051
4.02981 0.738916 -0.556767
-3.08283 -0.340009 0.29465
-3.16204 -0.159146 0.476197
4.1684 0.534867 -0.504789
4.28554 0.36627 -0.634105
1.49784 -0.320122 0.783285
1.11195 -0.130705 0.661253
1.12979 -0.309236 0.469937
1.69844 -0.186521 0.560363
0.999589 -0.149741 0.321844
1.51108 0.0640476 0.651824
-0.290762 -0.439163 -0.167362
-1.41737 -0.333492 0.0858419
4.02367 -0.331554 -0.123859
0.394923 0.543768 -0.28971
-1.95545 0.135889 -0.729057
-1.73068 -0.692697 -0.14588
4.33191 0.179033 -0.787578
4.77464 0.336415 -0.533368
4.58572 0.422423 -0.363203
4.57797 0.575543 -0.570473
4.68027 0.368021 -0.786846
4.72574 -0.00838153 -0.730313
4.08578 -0.665339 -0.133597
4.11042 -0.507198 -0.458194
4.36827 0.400017 -1
-1.84004 -0.321303 0.783633
-1.5839 -0.287309 0.789324
-1.66712 0.000123684 0.780834
-1.26218 -0.457204 0.50659
-1.32426 -0.0217089 0.807546
-1.49937 0.0959083 0.655951
-2.97363 0.375082 0.534798
-2.4581 0.504632 0.45047
-4.16704 0.307866 0.779905
-3.86712 0.146968 0.725901
-3.89611 0.36445 0.791734
4.29047 0.708614 -0.607606
4.10625 0.354063 -0.792147
3.98854 0.665187 -0.788407
-3.39481 -0.432974 0.556424
2.74966 -0.7925 -0.564001
2.84146 -0.794126 -0.339749
2.59019 -0.570381 -0.427405
2.31826 -0.526235 -0.68633
2.40293 -0.754673 -0.626823
2.35099 -0.526666 -0.401861
2.52023 -0.367819 -0.786092
2.76043 -0.605275 -0.724746
2.52703 -0.797813 -0.355057
-4.47296 0.0660883 0.477477
-4.55735 -0.14752 0.50029
-1 -0.430913 1
-1.05437 -0.5985 0.794859
-0.691198 -0.620421 0.770111
4.33135 0.565772 -0.79979
4.71052 0.718049 -0.766855
-1.67877 0.328916 0.517137
-1.02223 -0.619567 -0.769511
-1.1116 -0.661493 -0.130358
-1.40392 -0.793618 -0.272505
2.44403 -0.320686 0.782661
2.52708 0.0937569 0.666685
2.27468 -0.04479 0.786988
3.13356 0.554821 0.459706
3.20387 0.349453 0.794732
3.29533 0.593997 0.808637
3.18863 0.0937517 0.666578
3.51874 0.087823 0.740567
4.15241 -0.775794 0.0947051
-3.83491 -0.14176 -0.672108
-4.10211 -0.433145 -0.577152
2.68243 0.475622 0.12834
2.84276 0.319741 0.473564
2.24655 -0.28005 -0.442943
3.49929 0.346286 0.804408
1.8802 -0.718059 -0.125492
2.08981 -0.557849 -0.175126
4.78741 -0.347045 0.17342
4.78427 -0.349801 -0.096558
4.7969 -0.164468 0.019038
1.33333 1 0.430913
3.20359 -0.549429 -0.35284
-0.994587 0.798479 -0.638369
-0.68051 0.808697 -0.589615
-1.64286 0.552555 0.491279
-1.49729 0.315936 0.768095
-1.41145 0.586814 0.749374
-1.11985 0.79054 0.3403
-1.47917 0.804342 0.354524
-1.32487 0.805146 0.610706
-1.15675 0.664123 0.0856808
1.8202 -0.491648 -0.328548
0.331435 -0.765606 -0.734539
0.13452 -0.79848 -0.358562
0.0720723 -0.56272 -0.69791
-4.78771 -0.346506 0.173281
2.2964 -0.782571 0.627456
-1.8704 0.496581 0.154313
-3.28483 0.554342 -0.267843
2.83333 -0.715456 -1
3 -0.430913 -1
2.66667 -0.430913 -1
-0.14349 0.508088 -0.350954
-0.463863 0.468295 -0.308867
-2.34212 0.114721 -0.785241
-2.33712 -0.0733762 -0.516308
-2.10273 0.357607 -0.793865
1.21999 0.53234 0.564536
-2.50498 -0.0699775 -0.665638
2.5 -0.715456 -1
1.53742 0.322892 -0.763624
1.52258 0.548546 -0.591654
-0.735275 -0.0366365 -0.72976
-0.0808062 -0.29169 0.799938
2.93628 0.146165 -0.441383
3.07845 0.788798 0.316941
2.60467 0.284714 0.397508
-0.666667 0.430913 1
-0.333333 0.430913 1
-0.500146 0.15815 1
1.60123 -0.43471 0.5558
4.79464 0.160297 0.0538739
-0.397594 -0.55771 -0.431714
-0.568686 -0.533831 -0.206726
-0.280022 -0.711216 -0.192926
-0.215901 -0.806551 -0.360018
-0.149265 -0.581738 0.0409484
1.16717 -0.564178 0.0774044
2.14178 0.328043 -0.0489095
-2.86273 0.533641 -0.778778
1.37209 -0.570428 0.431638
1.71147 -0.620711 0.470767
-2.87314 -0.311992 -0.79848
-3.08663 0.786613 -0.641159
-2.66062 0.808878 -0.538651
0 -1 0.430913
0.010851 -0.792302 0.685149
0.205759 -0.789524 0.367789
0.0147938 -0.641289 0.364847
-0.162452 -0.41232 0.285992
-1.79143 -0.79629 -0.345108
4.70716 -0.537402 1
4.36817 -0.398235 1
4.60051 -0.374004 0.774855
0.657107 -0.443885 0.222706
4.7962 0.0123618 -0.20461
-1.65359 -0.472309 0.572818
-1.91024 -0.587092 0.706168
-2.15502 -0.3259 0.79826
-2.19294 -0.534369 0.501273
4.31351 0.171983 0.780313
4.34009 0.569585 0.774741
3.98614 0.656664 0.787828
4.15191 0.783271 0.431333
3.8449 0.536041 0.468877
4.16627 0.119012 0.646021
1.30484 -0.77397 -0.0363901
1.51069 -0.806779 0.325426
-3.38405 -0.701212 -0.0988136
-3.62939 -0.787618 0.0342924
-0.666667 -1 0.430913
-0.846866 -1 0.142216
-1 -1 0.430913
-3.48014 -0.27768 -0.487813
-3.59816 0.795313 -0.570661
-4.0078 0.804847 -0.63834
-3.69171 0.688537 -0.759391
-3.92323 0.565859 -0.586393
-4.32254 0.622271 -0.761023
-4.13231 0.352657 -0.787088
-4.13339 0.511029 -0.457318
-3.76099 0.314006 -0.783117
-3.17975 0.142172 -1
-3.49843 0.156128 -1
-3.33729 0.000512964 -0.78684
-3.33971 0.267638 -0.757931
-3.33333 0.430913 -1
-3.33334 0.634451 -0.80917
-3.25281 -0.428258 -0.559877
-3.21648 -0.787642 -0.297559
-2.82799 -0.796879 -0.326853
-3.43617 -0.522663 -0.36621
-3.19298 -0.567454 -0.149451
0.861179 -0.172261 0.469061
1.09054 -0.446263 0.297343
0.923604 -0.778076 0.562022
1.02858 -0.653106 0.759003
0.872121 -0.428501 0.493965
1.10291 -0.300145 0.793957
0.74195 -0.764949 0.293544
-1.33333 -0.430913 -1
-1.49836 -0.155325 -1
-1.66667 -0.430913 -1
-1.81972 -0.141428 -1
-4.16667 0.715456 -1
-4 0.430913 -1
-3.83333 0.715456 -1
-3.96205 0.666975 -0.808546
3.81511 -0.666194 -0.141202
2.10118 0.691694 0.15374
2.37844 0.476144 0.159425
-3.18018 -0.666701 0.0949056
-0.20371 0.127634 -0.681708
-2.98275 -0.799117 -0.602112
3.02999 0.0144711 0.792052
2.86089 0.0937532 0.666427
2.67083 -0.00567725 0.799168
3.16667 0.715456 1
3.03266 0.709825 0.703686
3.16667 1 0.715456
3.32674 0.795827 0.65388
-0.15527 -0.339825 -0.79858
0.149286 -0.141697 -1
-0.333333 -0.430913 1
-0.666667 -0.430913 1
-0.50071 -0.128814 1
-3.97898 0.805036 0.0058748
-3.83456 0.802282 0.331702
-3.67635 0.789265 0.163396
-4.1161 0.792947 0.351668
-0.460706 0.24516 -0.504687
3.46386 0.516927 -0.530247
3.68099 0.589486 -0.764708
3.49682 0.379206 -0.797318
3.30547 0.568349 -0.817048
-4.06796 -0.0790407 -0.755706
-0.166667 -1 -0.715456
-0.333333 -1 -0.430913
0 -1 -0.430913
2 -1 0.430913
1.81204 -1 0.14155
1.81456 -0.760333 0.344039
3 0.430913 1
2.904 0.315824 0.777874
2.72661 0.606413 0.756552
1.16667 -1 0.715456
1.33333 -1 0.430913
1.41995 -0.794289 0.557523
-2.48653 -1 0.142118
-2.16582 -1 0.156119
-2.16618 -1 -0.128106
2.20521 -0.784758 -0.328156
2.05812 -0.42261 -0.56667
1.94237 -0.830223 -0.294747
2 -0.430913 1
1.81204 -0.14155 1
2.14003 -0.141274 1
1.89438 -0.347591 0.763849
2.1931 -1 -0.140968
2.36121 -0.809717 -0.0512014
2.45404 -0.652668 0.089507
2.36003 -0.448413 -0.175409
-0.326208 -0.230878 0.777026
-1.33333 -1 -1
-1 -1 -1
-1.16667 -0.715456 -1
-1.16667 -1 -0.715456
-2.33333 -0.430913 -1
-2.16674 -0.128342 -1
-2.51378 -0.141722 -1
4.77875 0.182644 -0.3792
5 2.20007e-05 -0.427622
5 -0.145816 -0.135022
5 -0.369023 0.40109
5 -0.152783 0.163512
5 -0.430653 0.0100679
0.539454 0.554905 -0.571772
-3.5 -0.715456 -1
-3.33333 -0.430913 -1
-3.66667 -0.430913 -1
-3.32235 -0.593311 -0.808978
5 -0.707349 0.537809
5 -1 0.333333
4.78553 -0.638051 0.376059
-3.16667 -0.715456 -1
-3 -0.430913 -1
1.85089 0.140937 1
2.1901 0.140932 1
1.98987 -0.0454462 0.771478
3 -1 1
3.16667 -0.715456 1
3.16667 -1 0.715456
2.99997 -0.809038 0.656396
4.12089 0.705943 -0.324305
0.666667 0.430913 -1
0.500095 0.155448 -1
0.819952 0.142212 -1
-0.746066 -0.322934 -0.429379
-0.438538 -0.712967 0.0120667
4.49498 -0.712588 -1
4.49742 -1 -0.712268
4.77726 -0.742267 -0.736099
-0.333333 1 -1
-0.5 0.715456 -1
-0.166667 0.715456 -1
-0.292064 0.74555 -0.647891
-1.66667 -0.430913 1
-2 -0.430913 1
-1.84665 -0.142189 1
-1.83333 -0.715456 1
-1.64316 -0.55665 0.809265
0.5 1 -0.715456
-1.5 0.715456 1
-1.33333 0.430913 1
-1.66667 0.430913 1
-1.6595 0.612903 0.804728
-5 1 0.333333
-5 0.696795 0.181797
-5 1 0
-4.69749 1 0.183695
-2.16667 -0.715456 1
0.501088 -1 0.156121
0.499227 -1 -0.128171
0.797231 -0.697899 0.0495062
-4 1 -1
-3.66667 1 -1
-3.83333 1 -0.715456
-0.948738 -0.77984 -0.0356657
-0.68106 -0.780474 0.00551197
-2.66667 -0.430913 1
2.4733 -0.141572 1
-1.16667 1 0.715456
-1.33333 1 0.430913
-1 1 0.430913
-2.97913 0.572867 0.786611
-1.16667 -0.715456 1
-1.33333 -1 1
-1.5 -0.715456 1
-1.31339 -0.59629 0.769242
-2.83356 0.334341 0.804489
-3.15316 0.0941456 0.66676
-2.88804 -0.130749 0.660673
-4.18486 0.695702 1
-4.53804 0.70673 1
-4.33333 1 1
3.46115 0.808485 -0.29836
3.23918 0.781204 -0.384284
-4.66667 1 1
-5 1 0.666667
-4.70723 1 0.537751
5 1 0.666667
1.66667 -1 -1
2 -1 -1
1.83333 -0.715456 -1
1.83333 -1 -0.715456
3.32392 0.793034 -0.659946
3.09691 0.61207 -0.747765
-4.72106 0.489493 1
2.89432 0.300176 -0.700505
0.590721 0.80317 -0.313259
3.97986 -0.734155 -0.689868
4.17191 -0.346527 -0.779372
4.30831 -0.703595 -0.582172
-0.0415322 -0.749109 -0.624855
-3.33333 -1 -1
-3.16667 -1 -0.715456
-3.29506 -0.74837 -0.620337
4.79345 0.126797 0.366615
5 0.139689 0.153806
4.71276 -0.168986 -1
4.6975 0.182435 -1
4.43036 0.0100992 -1
2.5 -0.715456 1
2.33333 -0.430913 1
2.66667 -0.430913 1
2.28028 -0.583719 0.808794
-2.45304 0.787703 0.400053
-2.61782 0.772574 0.181002
-1.33333 -0.430913 1
-1.16801 -0.156034 1
-0.166667 -0.715456 -1
-0.326704 -0.642097 -0.795779
-2.16667 -1 0.715456
-2.33333 -1 0.430913
1.49731 0.158622 -1
-4.77471 0.533927 0.335384
2.09529 -0.776504 -0.63127
1.68769 -0.687467 -0.679098
2.67049 0.100843 -0.746322
2.78369 -0.0988459 -0.626265
2.52166 -0.069078 -0.654396
4.14191 -0.16106 1
4.42762 -2.05021e-05 1
4.29678 -0.139205 0.784964
4.69749 -1 0.183695
4.60706 -0.795938 0.0148588
-1 1 -0.430913
-1.16962 1 -0.157784
-3.33333 -1 -0.430913
-3.49818 -1 -0.128313
-3.15302 -1 -0.141449
-2.83279 0.128654 -1
-2.48634 0.141493 -1
-0.499171 -0.156119 -1
-0.499194 0.128143 -1
-3.50054 -0.156065 1
-3.49819 0.128312 1
-3.1801 -0.142216 1
-3.36676 -0.0467569 0.802049
-0.819921 1 0.142127
-2.00072 0.626254 -0.806748
0.5 -0.715456 -1
0.666667 -0.430913 -1
0.333333 -0.430913 -1
-2.29388 0.584837 -0.789184
-2.16665 0.155448 -1
-2.66667 1 -1
-2.83333 0.715456 -1
-2.5 0.715456 -1
-2.57169 0.643039 -0.743199
-3 -1 1
5 0.536119 0.715466
-1.84683 0.142155 -1
2.5 -1 -0.715456
2.33333 -1 -0.430913
3.49887 1 -0.128312
2.80731 -0.141704 1
2.796 -0.322915 0.795186
2.66667 -1 -0.430913
5 -0.333333 1
4.69642 -0.181745 1
5 0 1
5 -0.166667 0.715456
-3.07506 -0.768358 0.610195
4 -0.430913 1
4.18053 -0.295018 0.760082
-2.84454 -0.665911 0.0861437
5 -0.666667 1
5 -0.48976 0.721382
0.742504 -0.792244 -0.270329
0.993793 -0.738192 -0.121432
1.16548 -1 0.12866
1.16962 -1 -0.157784
0.846913 -1 -0.141422
-2.83392 0.155413 1
-2.51362 0.14139 1
-2.83379 -0.128674 1
-2.67248 -0.0166167 0.831771
-0.0862033 0.79245 -0.334863
-1.33333 -1 0.430913
-1.16802 -1 0.156034
-1.50111 -1 0.128756
-1.40242 -0.733147 0.327024
-0.333333 1 -0.430913
-5 0.666667 -1
-5 0.333333 -1
-4.70696 0.537379 -1
-5 0.489675 -0.721131
-5 0.666667 1
-4.33333 -1 1
-4.17523 -1 0.710352
-4.53615 -1 0.715583
-4.33457 -0.667374 0.764083
-4.70726 -0.538144 1
-4.66667 -1 1
-5 -0.666667 1
-4.73479 -0.729258 0.771387
1.9914 -0.64817 0.782538
-3.33333 -0.430913 1
-3.66667 -0.430913 1
-3.45511 -0.308049 0.805045
-1.33333 1 1
-1 1 1
-1.16667 0.715456 1
-5 -0.333333 1
-5 -0.536266 0.715727
-5 -0.172892 0.711525
-4.78929 -0.362734 0.617928
1.66666 -0.62959 0.808786
4 0.430913 1
4.12653 0.139771 1
3.80435 0.140421 1
4.06872 0.312572 0.770556
0.666667 -1 1
0.833333 -0.715456 1
1 -1 1
0.833333 -1 0.715456
0.5 -0.715456 1
1.66241 -0.021251 0.798546
-8.32667e-16 -1 1
0.166667 -0.715456 1
0.333333 -1 1
0.166667 -1 0.715456
1.85112 1 0.141798
-0.187684 0.140758 1
1.16667 -0.715456 1
2.19264 1 0.141723
1.50104 -1 -0.12816
1.49726 -1 0.158615
1.78395 0.0516333 0.604534
-4.40708 0.786619 -0.556618
-4.5423 0.58989 -0.546433
2 1 1
2.16667 1 0.715456
2.03361 0.654519 0.75936
3.33333 -0.808531 -0.620604
3.47016 -0.789262 -0.303117
3.15214 -0.799411 -0.395539
2.16667 -0.715456 1
2.15068 -0.312678 0.772122
4.42762 1 4.7657e-06
4.12924 1 0.142193
4.14191 1 -0.16106
2.33333 -1 1
2.62563 -0.688056 0.749062
-3.88282 0.790821 -0.291017
-1 0.430913 1
-1.16583 0.128131 1
-1.07803 0.285069 0.786859
-0.500988 -1 -0.155425
-0.187962 -1 -0.14078
1.16811 0.331545 0.798928
1.59549 0.279887 0.790349
0.999211 0.590368 0.773384
-1 1 -1
-0.833333 0.715456 -1
-0.833333 1 -0.715456
-1.80957 -0.758092 0.306297
3.88053 -0.764484 0.343673
-2.83333 0.715456 1
-3 1 1
-2.66667 1 1
-2.83333 1 0.715456
-0.846923 -0.142187 1
-1.86959 -0.649173 0.0882469
-2 1 1
-1.83333 0.715456 1
-1.50116 -0.128786 1
-1.49836 0.155322 1
2.12614 0.603408 -0.0984649
2.14493 0.796418 -0.330484
-0.333333 0.430913 -1
0 0.430913 -1
-0.1267 0.339783 -0.800826
-1.16536 -1 -0.12813
-0.819801 -1 -0.141445
-0.5 1 0.715456
-0.666667 1 0.430913
-0.333333 1 0.430913
-0.375848 0.785498 0.575838
1.33333 1 1
2.33333 1 -0.430913
2 1 -0.430913
2.27032 0.788216 -0.615476
1.50104 0.12816 1
1.34294 -0.0272914 0.82254
1.49726 -0.158615 1
3.75467 -0.779918 0.606354
2.33333 -1 -1
2.16667 -0.715456 -1
2.16667 -1 -0.715456
4.14446 0.162374 -1
-1.62513 0.780693 0.0418962
5 1 1
5 0.666667 1
3.49886 -1 -0.155427
3.8103 -1 -0.141069
3.74985 -0.786661 -0.390606
3.65591 -0.835112 -0.0275881
0.333333 -1 0.430913
0.185306 -1 0.14183
-0.819657 0.141429 1
-0.509787 0.0645505 0.777471
0.333333 0.430913 1
0.148289 0.140898 1
0.986534 -0.79231 -0.639651
1.37159 -0.815648 -0.681335
1.33333 1 -0.430913
1.16532 1 -0.128132
1.24244 0.773849 -0.370888
-0.148334 0.140943 -1
-0.5 -0.715456 -1
-0.333333 -0.430913 -1
3.9256 -0.296307 0.804708
4.02537 -0.0718195 0.771944
3.84447 0.0943544 0.664254
-0.149935 -0.141681 1
-0.5007 -1 0.128814
-0.833333 -0.715456 -1
-0.666667 -0.430913 -1
-1 -0.430913 -1
-0.633079 -0.599823 -0.795645
3.83333 1 -0.715456
3.75263 0.782818 -0.60842
2.5 1 -0.715456
-2.47917 -0.802656 -0.367961
4.36619 0.395632 1
1.66667 1 -0.430913
1.49718 1 -0.157537
1.53032 0.789169 -0.296195
4.57427 -0.496721 0.141028
1.96713 0.797955 -0.635684
2.83333 0.715456 1
2.83333 1 0.715456
3.49859 -0.131922 1
3.18866 0.140761 1
3.49854 0.155429 1
0.5 -1 -0.715456
0.333333 -1 -0.430913
0.666667 -1 -0.430913
0.833333 -1 -0.715456
-4.36613 0.395616 -1
-4 -1 -1
-4.1775 -1 -0.699543
-4.0334 -0.755357 -0.640394
-3.66667 0.430913 -1
-5 0.367348 -0.398632
-5 0.430913 0
3.83709 -0.666842 0.096598
-2.50512 0.330827 0.798886
-2.38868 0.663509 0.786767
-0.666667 1 -1
-0.5 1 -0.715456
-2 1 -0.430913
-0.833333 -0.715456 1
-0.833333 -1 0.715456
-1.0181 -0.807622 0.586634
-4.36816 1 0.400109
-1.36161 -0.0243174 -0.778925
-3.82993 -1 -0.158307
-1.33333 1 -0.430913
-1.50104 1 -0.128132
-8.32667e-16 1 -1
-0.166667 1 -0.715456
-3.82732 -1 0.129164
-5 -0.666667 -1
-5 -1 -1
-4.66667 -1 -1
-4.74649 -0.742165 -0.750908
-2.5 1 -0.715456
-2.66667 1 -0.430913
-2.83333 1 -0.715456
-0.267693 0.661588 0.777885
-4.78626 -0.410138 -0.17125
-5 0 -1
-4.69639 -0.181038 -1
-4.69643 0.180304 -1
-4.84288 -0.00688053 -0.821424
-4.48971 1 0.721276
-0.683554 -0.809059 0.551294
1 -1 -1
0.833333 -0.715456 -1
0.666667 -1 -1
-0.567246 -0.787189 0.276392
-0.199273 -0.795636 0.317769
2.5019 -0.802719 0.417209
0.166667 -1 -0.715456
2.83333 -1 0.715456
-5 -0.537705 -0.706802
-4.60301 -0.376292 -0.782163
-4.77492 -0.32255 -0.530781
-4.66677 -0.536096 -0.572721
3.67107 -0.128243 0.764774
0.333333 -1 -1
0.166667 -0.715456 -1
-1.50512 -0.633987 0.0465502
-1.33722 -0.793407 -0.0106862
5 1 0.333333
3.66667 -1 -1
3.5 -1 -0.715456
3.83333 -1 -0.715456
3.60306 -0.80035 -0.613592
0.166667 1 0.715456
0 1 0.430913
0.333333 1 0.430913
0.217703 0.796476 0.321813
3.33333 1 0.430913
3.18733 1 0.141481
3.49846 1 0.156127
3.46473 0.812078 0.344098
3.81032 -0.141072 -1
4.13518 -0.131837 -1
3.83333 0.715456 -1
-1.31355 -0.806767 -0.640908
-1.35963 -0.598377 -0.800817
-1.63932 -0.794223 -0.591285
4.16667 0.715456 -1
4 1 -1
0.187942 0.140655 -1
-0.666667 0.430913 -1
-5 0.707071 -0.537244
-4.78603 0.408155 -0.598517
-4.62766 0.683971 -0.758665
2.80463 0.554966 0.45926
-3.58963 0.0893372 0.697428
-5 0.165901 -0.712616
-4.71175 -0.0120451 -0.694989
-4.36821 -0.398171 -1
-4 -0.430913 -1
-4.14191 -0.16106 -1
-4.05502 -0.345919 -0.790503
-5 -0.185899 -0.695482
-5 -0.398141 -0.364242
2.56108 0.313803 0.788542
2.52676 0.554845 0.459388
-2.66667 -1 -0.430913
-2.67056 -0.729834 -0.670186
-2.83333 -0.715456 -1
-2.91143 -0.589095 -0.798648
-3.74338 -0.415239 -0.531084
-3.83649 -0.144116 -1
-3.80457 -0.338761 -0.788927
2.52716 -0.140945 -1
2.80731 0.141704 -1
2.4733 0.141572 -1
2.47256 1 -0.140938
2.13938 1 -0.14073
2.29807 0.79075 -0.0209565
5 -1 0
5 -0.715456 -0.166667
4.7108 -1 -0.170378
4.80172 -0.738281 0.00616661
3.66667 -1 0.430913
3.83679 -1 0.144487
-5 -1 -0.666667
-5 -0.721035 -0.489569
-4.12866 0.141677 -1
-4.16667 -0.715456 -1
-3.83333 -0.715456 -1
-3.97226 -0.591736 -0.794201
-1.02945 -0.0254018 0.788073
-4.42762 -6.26477e-06 -1
-4.33922 -0.766816 -0.559529
-4.16667 1 0.715456
-4 1 0.430913
-4.00049 0.808595 0.620489
-4.31885 -0.656624 -0.762554
-4.48968 -0.721113 -1
-4.39815 1 -0.365416
-4.013 1 -0.426519
-4.1352 1 -0.131823
-4.12186 0.730745 -0.298617
3.66667 1 -1
3.5 -0.715456 -1
-4.71522 -1 -0.535893
1.83333 0.715456 1
0.849918 -0.140977 -1
0.501161 -0.131316 -1
2.19 0.0939586 0.66656
2.86051 -1 -0.140726
2.5284 -1 -0.140982
2.80746 -1 0.1418
2.70966 -0.757141 0.0314367
2.5 0.715456 -1
2.33333 0.430913 -1
2.66667 0.430913 -1
1.80888 1 -0.140558
1.75128 0.758355 -0.315389
-3.66667 -1 -1
-3.62137 -0.730633 -0.618492
-4.70715 -0.537261 -1
-3 -0.430913 1
-3.17173 -0.331163 0.79909
-2.97251 -0.539357 0.808902
-2.16667 -0.715456 -1
-1.83333 -0.715456 -1
-2 -1 -1
-4.33333 -1 -1
-3.15312 0.141446 1
-4.49497 -1 -0.712605
-5 -1 -0.333333
4.79187 -0.340991 0.566299
-1.66667 -1 1
-1.61965 -0.758912 0.606209
4.33333 -1 -1
4.17749 -0.699513 -1
4 -1 -1
4.17733 -1 -0.699512
-0.0206416 0.808879 -0.590644
0.333333 -0.430913 1
-1.83333 -1 0.715456
3.04178 -0.685867 -0.703082
2.96251 -0.271709 -0.796716
0.187962 1 -0.14078
0.500701 1 0.128814
-0.5 -1 -0.715456
-0.420017 -0.80197 -0.565591
-1.66667 -1 -1
-1.83333 -1 -0.715456
1.33333 -1 -1
1.16667 -0.715456 -1
-0.333333 -1 -1
0 -0.430913 -1
-0.166667 -0.715456 1
0 -0.430913 1
3.83333 -1 0.715456
4.02317 -0.794351 0.591908
5 -0.697514 0.183713
4.71527 -1 -0.535749
4.39815 -1 -0.365416
3.07756 0.778012 -0.559806
3.49874 -1 0.131765
3.33333 -1 0.430913
2.33333 -0.430913 -1
0.666667 0.430913 1
1.83333 -0.715456 1
2 -1 1
2.66667 -1 -1
2 -0.430913 -1
-3.43381 -0.305273 -0.76817
-3.69312 -0.591894 -0.794069
3 0.430913 -1
3.14883 0.141797 -1
1 -0.430913 -1
0.838872 -0.329329 -0.798845
-5 -1 0
-5 -0.715456 -0.166667
-5 -0.699721 0.177441
-2.83396 -0.155414 -1
-3.15308 -0.14141 -1
-4.01378 0.427724 1
-4.01005 0.615621 0.802445
-3.5 -1 -0.715456
-4.14265 -1 -0.134378
2.80638 1 -0.140963
2.80626 0.800223 0.0500237
4.013 -1 -0.426518
4.13492 -0.783271 -0.348836
3.33106 -0.786459 -0.00337435
3.14885 -1 0.14181
3.18769 -1 -0.140729
-2.70016 0.594438 0.800818
3.33333 -1 -0.430913
3.66667 -1 -0.430913
3.83333 0.715456 1
3.66667 1 1
4 1 1
3.83333 1 0.715456
-0.666667 -1 -0.430913
-0.5 -1 0.715456
-0.333333 -1 0.430913
2.54905 0.282289 -0.782614
0.148259 -1 -0.140898
1.5 -1 -0.715456
1.66667 -1 -0.430913
1.66667 0.430913 1
1 -1 0.430913
1.03813 -0.79479 0.260115
0.666667 -1 0.430913
0.819921 -1 0.142127
1.85089 -1 -0.140937
2 -1 -0.430913
1.33333 -0.430913 -1
0.866359 0.794925 -0.305608
2.5755 -0.670394 -0.182722
-0.187221 -0.141501 -1
0.846867 1 0.142216
2.68152 -0.483307 -0.17165
-5 1 1
-5 0.489618 0.721018
-4 -1 0.430913
-4.36971 -1 0.399708
-4.09353 -0.771366 0.378026
-3.66667 1 -0.430913
-3.81048 1 -0.141158
-5 -1 0.666667
-4.71227 -1 0.497418
-5 -0.712268 0.497418
-5 -0.370475 0.40113
-4.78148 -0.60442 0.364702
-5 -0.430567 0.0100352
0.479544 -0.756782 0.347081
0.352095 -0.812439 0.574157
1.83333 0.715456 -1
2.16667 0.715456 -1
0.500988 1 -0.155425
0.51479 0.775047 -0.068663
0.166667 0.715456 -1
0.0328386 0.62045 -0.758934
-3.55358 0.788518 0.34555
-3.52792 0.779404 -0.0697604
1.16667 0.715456 -1
1.32547 0.630815 -0.808475
1 1 -1
1.16667 1 -0.715456
1.01228 0.787374 -0.680553
2.473 0.666494 -0.0935078
3.33333 1 -1
3.5 0.715456 -1
3.5 1 -0.715456
3.66667 0.430913 1
3.76049 0.289216 0.785106
2.66667 1 -1
2.83333 1 -0.715456
-3.49936 1 -0.155433
-3.49824 1 0.128846
-3.41064 0.738036 0.54823
-2.16619 0.128106 1
-2.1632 -0.741648 0.282076
-3.66667 1 0.430913
-3.83679 1 0.144487
-4 1 1
-0.666667 1 1
-0.833333 0.715456 1
-0.833333 1 0.715456
-1.5 1 0.715456
-1.66667 1 1
-2.66667 1 0.430913
-2.51335 1 0.142175
-2.33333 1 0.430913
-2.02176 -0.780573 0.582898
-3.16667 0.715456 1
-3.00238 0.811398 0.719946
-2.16667 0.715456 1
-2.33333 1 1
-2 0.430913 1
-2.33333 0.430913 1
-3 1 0.430913
-2.5 0.715456 1
-2.5 1 0.715456
-2.65303 0.790456 0.728826
-4.57096 -0.734814 0.431624
-3.5 0.715456 1
-3.33333 0.430913 1
-3.66667 0.430913 1
-3.54747 0.387717 0.798043
-3 0.430913 1
-1.81975 1 0.142192
-1.84703 1 -0.141429
-3.67817 0.802226 0.608234
-3.64809 0.641566 0.776644
-2.83379 -1 0.128675
-3.1801 -1 0.142215
-2.98344 -0.746849 -0.0757086
0.333333 1 -0.430913
0 1 -0.430913
0.166667 1 -0.715456
0.333303 0.620626 -0.810313
-4.48965 -0.721321 1
-0.166667 0.715456 1
0 0.430913 1
0.333333 1 -1
1.34785 0.806079 -0.603728
-0.175775 0.32659 0.792643
4.69639 0.179546 1
5 0.333333 1
5 0.172903 0.711447
2.52641 0.785559 0.355886
-0.5 0.715456 1
-0.506121 -0.802947 -0.33211
4 1 -0.430913
3.83923 1 -0.142237
0.333333 0.430913 -1
-0.819516 -0.330502 -0.797255
-3.4984 -0.0853812 -0.666614
4.33333 1 -1
4.16667 1 -0.715456
4.66667 1 -1
5 1 -0.666667
4.70718 1 -0.53751
4.14446 -1 0.162373
5 0.721095 -0.489638
5 0.537348 -0.706981
5 0.398582 -0.366542
4.78496 0.61996 -0.558865
4.13518 -1 -0.131824
4.32935 -0.786162 -0.154573
4.48966 0.721301 -1
4.4304 -1 0.0101288
5 -1 0.666667
5 -1 1
5 0.368737 0.399081
5 -0.396234 -0.364885
2.5 1 0.715456
3.60204 -0.464404 -0.577337
3.4994 -0.350378 -0.801399
3.21356 -0.321175 -0.789784
-3.83333 0.715456 1
-3.66667 1 1
-3.83333 1 0.715456
-5 0.367562 0.397213
-1.02253 0.59662 -0.797157
-2.66667 0.430913 1
-5 0 0.430913
-5 0.140603 0.152994
3.80424 0.782399 0.357747
-2.16617 1 0.12868
-2.16728 1 -0.155412
1.16548 -0.12866 1
1.16962 0.157784 1
0.819921 -0.142127 1
1.16667 1 0.715456
1.03221 0.803998 0.591952
-0.333333 1 1
-0.166667 1 0.715456
2.16667 0.715456 1
2.33333 1 1
2.5 0.715456 1
2.3983 0.620002 0.773704
2.16667 -1 0.715456
-1.5 -0.715456 -1
0.743505 -0.339292 0.792005
-1 -1 -0.430913
-1.49865 1 0.156033
-1.12991 -0.799489 0.308461
-1.16667 -1 0.715456
3.8075 1 0.141568
0.178207 0.318986 -0.782532
3.49881 0.1318 -1
3.5652 -0.0493471 -0.778351
3 1 0.430913
1 -0.430913 1
0.35175 0.708943 0.709165
-2.49418 0.330354 -0.802795
-2.57486 -0.334562 -0.806033
3.14881 -0.141799 1
2.86082 0.140748 1
5 0.43063 0.0102251
5 0.16113 -0.145125
2.66667 -1 1
2.83333 -0.715456 1
3.71444 -0.620182 -0.714429
2.66667 0.430913 1
2.52716 0.140945 1
-3 -1 -1
-2.66667 -1 -1
-2.83333 -1 -0.715456
-1.84665 -1 0.142189
-1.81962 -1 -0.141448
-2.0393 -0.787288 0.0323591
-3.5 -0.715456 1
-3.57664 -0.526604 0.721096
-3.5 1 -0.715456
-3.33333 1 -0.430913
-2.48653 -0.142117 1
-2.33333 -0.430913 1
2.96556 0.0449799 -0.785505
0.179806 0.102282 0.657562
1.4067 -0.737108 -0.401565
-0.666667 -1 -1
5 0.181772 -0.696364
3.66667 1 -0.430913
3.99511 -0.588936 0.79719
3.14528 1 -0.140878
2.85964 1 0.141377
-3.5 0.715456 -1
3.33333 -0.430913 -1
3.66667 -0.430913 -1
3.49895 -0.155427 -1
-3.16604 -0.325588 -0.801103
3.44907 -0.54626 -0.798726
3.18874 -0.140763 -1
-3 0.430913 -1
-1.66667 0.430913 -1
-1.50132 0.128748 -1
-1.33333 0.430913 -1
-3.80744 0.1412 -1
1.66667 -0.430913 -1
2.33333 -1 0.430913
2.47342 -1 0.141617
2.14 -1 0.141231
-1.35934 0.777532 0.023041
4.66667 -1 -1
5 -0.333333 -1
4.71523 -0.535627 -1
5 -0.537166 -0.706806
3.33333 -1 -1
1.35794 -0.650358 0.808891
3.83333 -0.715456 -1
3.83652 -0.144274 1
-5 -1 0.333333
-4.60125 -0.349862 0.767083
2.22905 0.545879 0.431124
2.19657 0.31596 0.791611
-5 -0.00880298 -0.428056
1.86486 0.323793 0.787217
2.86084 -0.140747 -1
3.33333 -1 1
4.16667 -0.715456 1
-1 -1 1
1.5 -0.715456 -1
1.32016 -0.562281 -0.746692
8.32667e-16 -1 -1
-0.149931 -1 0.141678
3.16667 -0.715456 -1
4.64755 -0.779711 -0.34344
0.833333 1 0.715456
1.33333 -0.430913 1
1.5 -0.715456 1
-4.4304 1 0.0101288
-4.14446 1 0.162373
-4.53218 0.335535 -0.776075
-5 0.696724 -0.181064
-4.39857 0.363636 1
2.82494 0.79734 0.340022
-4.7108 1 -0.170378
-4.43044 -0.0111992 1
-4.14262 0.13422 1
-4.14191 -0.16106 1
-4.66667 1 -1
-5 1 -0.666667
-4.6964 -0.185052 1
-5 0 1
-4.71546 0.166667 1
-4.81414 -0.00639282 0.842703
-4.79031 -0.167022 0.375631
-5 0.166667 0.715456
-4.7918 0.000937035 0.614165
3.63905 0.592137 0.793172
-4.43033 -1 0.0100985
-4.14191 -1 0.16106
-4.07271 -0.799734 0.0534286
3.5 0.715456 1
3.33333 1 1
2.83333 0.715456 -1
1.66667 0.430913 -1
4.36829 1 -0.398125
4 1 0.430913
3.5 1 0.715456
-3.33333 1 0.430913
4.16667 0.715456 1
-5 1 -0.333333
-3.82994 0.158313 1
-4.71527 1 -0.535749
-3.15322 1 0.142134
-1.16667 1 -0.715456
-1.5 1 -0.715456
-0.561944 -0.115668 0.649967
2.66667 1 0.430913
2.52648 1 0.141682
2.33333 0.430913 1
1.66667 -0.430913 1
3.33333 0.430913 -1
3.2984 0.123072 -0.761877
-3.63323 -0.775356 0.576732
-3.83673 -0.749275 0.565434
0.5 -1 0.715456
-4.00254 -0.74445 0.736696
-3.83333 -1 0.715456
5 0 0.430913
2.66667 1 1
3.33333 0.430913 1
-4.79194 0.582309 -0.382152
1 1 1
1 0.430913 1
0.833333 0.715456 1
1.51001 -0.55513 -0.787965
0.819801 1 -0.141445
1.16803 1 0.156034
-3.83333 -0.715456 1
1.33333 -1 1
2 0.430913 1
-3.49828 -0.128281 -1
-4.16667 -0.715456 1
5 -0.179571 -0.696336
0.666667 1 0.430913
1 1 0.430913
2.92769 -0.71193 -0.127816
3.12561 -0.677103 0.0916165
-2.24763 0.78846 -0.574163
0.400994 0.803455 -0.577607
-3.34437 0.802246 -0.608919
3.5 -1 0.715456
3.33333 -0.430913 1
5 0.333333 -1
4.70726 0.537961 -1
5 0.666667 -1
4.48963 1 -0.721142
-1.66667 1 -0.430913
-1.16667 0.715456 -1
-1.16881 0.15601 -1
5 -0.719598 -0.492075
3.1751 -0.659503 -0.15933
-4.69971 -1 0.177432
0.846914 0.141422 1
2 1 -1
1.83333 1 -0.715456
2.66667 1 -0.430913
-1.83333 0.715456 -1
-1.5 0.715456 -1
-2.48641 1 -0.141409
-1.5 -1 0.715456
-1.36347 -0.810083 0.603527
-2 -1 1
-0.833333 -1 -0.715456
3.81559 -0.313067 -0.770874
2.5 -1 0.715456
-2.16582 -0.156119 1
-1.33333 1 -1
-4.64093 -0.132166 0.75229
-4 -1 1
-5 0.333333 1
1.67198 0.669958 -0.797907
0.666667 1 1
3 -0.430913 1
3.66831 0.805557 0.725218
3 1 1
-2 0.430913 -1
-3.5 1 0.715456
-3.16667 1 0.715456
-0.333333 -1 1
-0.166667 -1 0.715456
4.16667 1 0.715456
4.36614 1 0.395834
1.66667 -1 1
3.66667 -0.430913 1
3.18374 0.303327 -0.727857
-3.28265 -0.619342 0.716232
-3.37575 -0.786199 0.575087
-1.66667 1 -1
-2 1 -1
-2.16667 0.715456 -1
-2.33333 1 -0.430913
-4.36805 -0.400182 1
-4.15203 -0.356402 0.791809
-3.16667 0.715456 -1
-3.82731 -0.129175 1
5 -0.666667 -1
5 0 -1
5 -1 -0.666667
5 -1 -1
-2.66667 0.430913 -1
-3 1 -0.430913
-1.04532 0.0717646 -0.762985
-0.666667 -1 1
-0.5 -0.715456 1
4.01301 -0.42653 -1
3.33333 1 -0.430913
-2.33333 -1 -1
-2.16667 -1 -0.715456
-2.5 -0.715456 -1
-2.66667 -0.430913 -1
-3.33333 -1 1
-3.16667 -0.715456 1
-3.16667 -1 0.715456
-1.49828 -1 -0.155321
-2.51355 -1 -0.141387
-4.37786 -0.163819 0.830122
2.33333 1 -1
2.16667 1 -0.715456
-4.49742 1 -0.712268
-4.33333 1 -1
-4.49208 0.719622 -1
-4.17733 1 -0.699512
3 -1 0.430913
2.66667 -1 0.430913
-2.16667 1 -0.715456
5 -1 -0.333333
-2.26188 -0.56876 0.796614
3.5 -0.715456 1
3.83333 -0.715456 1
-2 -1 -0.430913
-1.66667 -1 -0.430913
-1.33333 -1 -0.430913
-2.33333 -1 -0.430913
-2.33333 0.430913 -1
-2.83331 -1 -0.15542
3 1 -0.430913
3 -1 -0.430913
3.66667 -1 1
-3 -1 -0.430913
-5 -1 1
-3.33333 1 -1
-3.16667 1 -0.715456
3.66667 1 0.430913
-5 -0.152804 0.163717
-2 -1 0.430913
-2.13705 -0.790699 -0.342368
-1.5 -1 -0.715456
-3.49914 0.350672 -0.801412
-1 0.430913 -1
1.65706 0.799784 -0.604206
3.16667 0.715456 -1
3.16667 -1 -0.715456
2.83333 -1 -0.715456
-1.66667 -1 0.430913
-2.33333 1 -1
-1.83333 1 -0.715456
-3.33333 1 1
-0.846928 0.141416 -1
3 -1 -1
-2.5 -1 -0.715456
-5 -0.333333 -1
-4.71085 -1 -0.171125
8.32667e-16 1 1
4.33333 1 1
3.16667 1 -0.715456
3 1 -1
-3.77684 -0.382887 0.824268
0.333333 1 1
0.5 0.715456 1
0.5 1 0.715456
0.166667 0.715456 1
0.666667 -0.430913 1
-4.39848 -1 -0.36566
4 -1 1
-4 -0.430913 1
-3.49909 0.788851 -0.366734
-3.66667 -1 1
-3.5 -1 0.715456
-3 1 -1
-5 1 -1
5 1 -1
