50
0.463525 -1.42658
1.42365 -1.87826
1.21353 -0.881678
4.3393 1.64856
6 0.969003
6 3
-0.463525 1.42658
-1.42366 1.8778
-1.21353 0.881678
1.21353 0.881678
1.41601 1.87971
0.463525 1.42658
-0.00108659 2.20646
2.30624 0.645294
1.5 0
2.83931 1.61471
3.9079 3
0.718625 3
2.21147 3
-0.719412 3
-2.30773 0.631599
-1.5 -1.83697e-16
-2.3071 -0.653823
-1.21353 -0.881678
-2.88046 1.59467
-2.21198 3
-4.46368 1.42271
-3.90816 3
-6 3
-1.4229 -1.87067
-0.463525 -1.42658
-3.92101 -0.0587574
-6 0.969477
-0.00139205 -2.20691
-6 -3
-4.32688 -1.64852
-6 -0.969329
-2.84018 -1.60075
-3.91039 -3
-0.723692 -3
-2.2157 -3
0.723639 -3
2.30732 -0.637032
2.88198 -1.59438
2.21565 -3
6 -3
4.46548 -1.42386
3.91034 -3
3.9231 0.0500244
6 -0.968932
