220
11111 7
7419 7
17199 7
16004 7
17232 7
6528 7
11192 7
7130 7
7129 7
10453 7
13507 7
6512 7
9345 7
13512 7
13511 7
10530 7
15669 7
10472 7
15064 7
10471 7
10461 7
10460 7
8177 7
6510 7
7652 7
10477 7
9432 7
9433 7
8490 7
10520 7
15052 7
15053 7
15698 7
17581 7
17876 7
8168 7
11089 7
14245 7
13685 7
10557 7
10561 7
7116 7
7147 7
7146 7
12013 7
13523 7
10506 7
7141 7
11110 7
13498 7
8167 7
9740 7
17725 7
12485 7
9982 7
10531 7
11191 7
12472 7
14558 7
13502 7
10463 7
8173 7
8162 7
10393 7
10358 7
11208 7
11209 7
12657 7
10473 7
13528 7
7131 7
9332 7
8174 7
12429 7
7590 7
10478 7
9434 7
8491 7
9752 7
15697 7
15054 7
9327 7
16670 7
17582 7
10467 7
16329 7
15419 7
13686 7
10556 7
2128 7
7156 7
7149 7
10489 7
9429 7
10507 7
13521 7
9742 7
7431 7
9430 7
10510 7
7351 7
13570 7
13571 7
15058 7
15420 7
15421 7
2653 7
10481 7
9328 7
9329 7
5881 7
5883 7
10475 7
9734 7
9736 7
13525 7
10559 7
4459 7
13678 7
4566 7
4568 7
10466 7
6007 7
13526 7
12490 7
12473 7
13556 7
15043 7
12658 7
13533 7
9983 7
8292 7
8293 7
12791 7
13534 7
11342 7
13555 7
13557 7
16019 7
6008 7
12489 7
15713 7
4567 7
7121 7
4460 7
10605 7
4461 7
8306 7
16007 7
7432 7
9735 7
10504 7
10572 7
5882 7
9961 7
9960 7
10482 7
10568 7
10569 7
7139 7
7137 7
7348 7
10484 7
7433 7
10485 7
7349 7
6537 7
6539 7
13815 7
10570 7
10574 7
9962 7
6410 7
9964 7
10330 7
10544 7
8307 7
13550 7
13816 7
13568 7
8308 7
12480 7
12482 7
5456 7
11343 7
11344 7
5455 7
10573 7
10576 7
6640 7
5457 7
15084 7
12481 7
12909 7
16208 7
11365 7
12908 7
10601 7
10527 7
6412 7
6411 7
10566 7
6538 7
7086 7
10526 7
7087 7
11205 7
11206 7
12784 7
17184 7
10525 7
17590 7
10498 7
10500 7
5805 7
5804 7
13575 7
10499 7
5806 7
11348 7
