220
6949 10.0 0.0 0.0
14804 10.0 0.0 0.0
6971 10.0 0.0 0.0
6972 10.0 0.0 0.0
9500 10.0 0.0 0.0
13151 10.0 0.0 0.0
15876 10.0 0.0 0.0
13162 10.0 0.0 0.0
14916 10.0 0.0 0.0
6955 10.0 0.0 0.0
16846 10.0 0.0 0.0
9396 10.0 0.0 0.0
11746 10.0 0.0 0.0
14071 10.0 0.0 0.0
14065 10.0 0.0 0.0
14064 10.0 0.0 0.0
8246 10.0 0.0 0.0
5849 10.0 0.0 0.0
15399 10.0 0.0 0.0
14117 10.0 0.0 0.0
6010 10.0 0.0 0.0
17422 10.0 0.0 0.0
9395 10.0 0.0 0.0
7811 10.0 0.0 0.0
12034 10.0 0.0 0.0
12028 10.0 0.0 0.0
1620 10.0 0.0 0.0
10639 10.0 0.0 0.0
11757 10.0 0.0 0.0
11440 10.0 0.0 0.0
11739 10.0 0.0 0.0
11455 10.0 0.0 0.0
11747 10.0 0.0 0.0
11741 10.0 0.0 0.0
14060 10.0 0.0 0.0
320 10.0 0.0 0.0
6948 10.0 0.0 0.0
11682 10.0 0.0 0.0
11681 10.0 0.0 0.0
11896 10.0 0.0 0.0
11812 10.0 0.0 0.0
11811 10.0 0.0 0.0
11900 10.0 0.0 0.0
11800 10.0 0.0 0.0
11719 10.0 0.0 0.0
10632 10.0 0.0 0.0
13754 10.0 0.0 0.0
12033 10.0 0.0 0.0
14802 10.0 0.0 0.0
17724 10.0 0.0 0.0
11745 10.0 0.0 0.0
16049 10.0 0.0 0.0
192 10.0 0.0 0.0
1621 10.0 0.0 0.0
14063 10.0 0.0 0.0
5850 10.0 0.0 0.0
13000 10.0 0.0 0.0
12450 10.0 0.0 0.0
15382 10.0 0.0 0.0
8552 10.0 0.0 0.0
1011 10.0 0.0 0.0
733 10.0 0.0 0.0
734 10.0 0.0 0.0
10225 10.0 0.0 0.0
14795 10.0 0.0 0.0
13624 10.0 0.0 0.0
9501 10.0 0.0 0.0
8247 10.0 0.0 0.0
9509 10.0 0.0 0.0
15877 10.0 0.0 0.0
6989 10.0 0.0 0.0
6956 10.0 0.0 0.0
9406 10.0 0.0 0.0
9397 10.0 0.0 0.0
10888 10.0 0.0 0.0
6974 10.0 0.0 0.0
10640 10.0 0.0 0.0
10626 10.0 0.0 0.0
10627 10.0 0.0 0.0
11740 10.0 0.0 0.0
13623 10.0 0.0 0.0
11748 10.0 0.0 0.0
11742 10.0 0.0 0.0
13621 10.0 0.0 0.0
3569 10.0 0.0 0.0
5676 10.0 0.0 0.0
5677 10.0 0.0 0.0
11956 10.0 0.0 0.0
11897 10.0 0.0 0.0
11813 10.0 0.0 0.0
11901 10.0 0.0 0.0
11906 10.0 0.0 0.0
15194 10.0 0.0 0.0
11720 10.0 0.0 0.0
10631 10.0 0.0 0.0
11806 10.0 0.0 0.0
10887 10.0 0.0 0.0
7383 10.0 0.0 0.0
7385 10.0 0.0 0.0
6945 10.0 0.0 0.0
6944 10.0 0.0 0.0
14124 10.0 0.0 0.0
11872 10.0 0.0 0.0
14310 10.0 0.0 0.0
11957 10.0 0.0 0.0
5678 10.0 0.0 0.0
11760 10.0 0.0 0.0
11733 10.0 0.0 0.0
11735 10.0 0.0 0.0
13299 10.0 0.0 0.0
13591 10.0 0.0 0.0
13592 10.0 0.0 0.0
10628 10.0 0.0 0.0
10906 10.0 0.0 0.0
15401 10.0 0.0 0.0
13152 10.0 0.0 0.0
13159 10.0 0.0 0.0
13158 10.0 0.0 0.0
1435 10.0 0.0 0.0
17089 10.0 0.0 0.0
13432 10.0 0.0 0.0
1584 10.0 0.0 0.0
1585 10.0 0.0 0.0
11831 10.0 0.0 0.0
11694 10.0 0.0 0.0
1975 10.0 0.0 0.0
1976 10.0 0.0 0.0
11689 10.0 0.0 0.0
11695 10.0 0.0 0.0
11451 10.0 0.0 0.0
11452 10.0 0.0 0.0
10907 10.0 0.0 0.0
13625 10.0 0.0 0.0
11804 10.0 0.0 0.0
11767 10.0 0.0 0.0
11690 10.0 0.0 0.0
6083 10.0 0.0 0.0
1977 10.0 0.0 0.0
6082 10.0 0.0 0.0
8161 10.0 0.0 0.0
1765 10.0 0.0 0.0
1774 10.0 0.0 0.0
1773 10.0 0.0 0.0
12452 10.0 0.0 0.0
14111 10.0 0.0 0.0
4403 10.0 0.0 0.0
9511 10.0 0.0 0.0
11777 10.0 0.0 0.0
9398 10.0 0.0 0.0
13153 10.0 0.0 0.0
11801 10.0 0.0 0.0
13596 10.0 0.0 0.0
5906 10.0 0.0 0.0
5907 10.0 0.0 0.0
6869 10.0 0.0 0.0
11770 10.0 0.0 0.0
11734 10.0 0.0 0.0
11787 10.0 0.0 0.0
11785 10.0 0.0 0.0
11873 10.0 0.0 0.0
14096 10.0 0.0 0.0
6946 10.0 0.0 0.0
14159 10.0 0.0 0.0
7384 10.0 0.0 0.0
14155 10.0 0.0 0.0
16271 10.0 0.0 0.0
14097 10.0 0.0 0.0
14101 10.0 0.0 0.0
11726 10.0 0.0 0.0
11786 10.0 0.0 0.0
16786 10.0 0.0 0.0
11771 10.0 0.0 0.0
6870 10.0 0.0 0.0
5908 10.0 0.0 0.0
12867 10.0 0.0 0.0
11802 10.0 0.0 0.0
9400 10.0 0.0 0.0
9399 10.0 0.0 0.0
9512 10.0 0.0 0.0
13429 10.0 0.0 0.0
11835 10.0 0.0 0.0
1766 10.0 0.0 0.0
5741 10.0 0.0 0.0
1439 10.0 0.0 0.0
4405 10.0 0.0 0.0
5740 10.0 0.0 0.0
13626 10.0 0.0 0.0
13585 10.0 0.0 0.0
16280 10.0 0.0 0.0
8571 10.0 0.0 0.0
9518 10.0 0.0 0.0
5742 10.0 0.0 0.0
8560 10.0 0.0 0.0
11855 10.0 0.0 0.0
14921 10.0 0.0 0.0
11875 10.0 0.0 0.0
12779 10.0 0.0 0.0
12868 10.0 0.0 0.0
12856 10.0 0.0 0.0
11462 10.0 0.0 0.0
11849 10.0 0.0 0.0
12227 10.0 0.0 0.0
14354 10.0 0.0 0.0
13750 10.0 0.0 0.0
11845 10.0 0.0 0.0
9522 10.0 0.0 0.0
11779 10.0 0.0 0.0
14355 10.0 0.0 0.0
9323 10.0 0.0 0.0
9324 10.0 0.0 0.0
11836 10.0 0.0 0.0
11833 10.0 0.0 0.0
8561 10.0 0.0 0.0
8249 10.0 0.0 0.0
14118 10.0 0.0 0.0
8572 10.0 0.0 0.0
8251 10.0 0.0 0.0
11864 10.0 0.0 0.0
8250 10.0 0.0 0.0
9523 10.0 0.0 0.0
