82
-5.26909 1.42031 -3.47691
-4.94943 3.09234 2.19385
-4.98715 -2.6931 3.06932
-0.695516 0.2154 -0.219876
-3.24304 3.86458 -3.05564
0.861744 2.70754 -5.60067
-1.37655 -0.0781337 -6.25249
-1.83716 -5.25599 1.69216
-2.09069 -0.298162 3.21314
-5.55445 8.12499 -1.76992
-4.87241 8.05706 3.36799
-8.92745 4.50562 1.40334e-07
-2.35242 5.24916 1.16334
-4.78913 -3.73704 -1.674
-1.8623 -4.85434 -3.21323
1.43612 -1.73818 -5.37942
-7.82775 -9.58623e-16 6.22305
-4.3832 -5.36788e-16 8.98819
4.56294 -1.25248 4.31484
4.16948 2.39014 3.90908
1.47133 0.636851 6.01787
3.88662 3.80438 -2.712
6.05359 0.835748 1.26541
0.918755 4.58188 3.86278
-1.89795 3.28567 4.89266
-8.92745 -4.50562 1.40334e-07
-5.04694 -8.12511 2.91734
-5.1906 -4.55367 -7.23337
-9.74778 -1.19376e-15 2.23176
-4.8046 -8.34099 -2.70992
-9.74778 -1.19376e-15 -2.23176
-7.98832 -4.52975 -3.9583
6.98609 -6.0745 3.78087
9.6177 -1.84493 2.02389
8.52292 -5.18448 -0.693488
4.70127 -3.14846 -2.55187
3.79995 -0.92999 9.20302
3.22451 -5.63555 7.60547
0.573322 -4.47183 4.82292
2.91405 -8.59871 4.19172
9.09547 1.60843 3.83214
3.01964 -8.49725 -4.32186
2.8486 -5.71423 0.935565
-0.0752871 -3.88302 -9.21501
-1.39215 -7.54453 -6.4142
3.62979 -5.12892 -7.77938
3.13996 5.85773 -7.47179
3.85179 0.990455 -9.17511
7.21235 2.65758 -6.39682
-0.577409 -3.83414 9.2177
-0.0876349 3.91829 9.19996
3.60917 5.26693 7.69632
-0.284517 -9.82522 1.83957
6.34227 2.00653 7.46655
-0.133064 -9.76657 -2.14392
-1.45809 -7.56455 6.37586
4.81507 -8.76442 0.00110427
-1.65753 8.05379 -5.69113
2.53904 9.18937 -3.01808
-1.11621 9.93311 0.295619
0.711197 5.11664 -1.88034
-5.14476 4.50052 7.29909
-6.12323e-16 -7.4988e-32 -10
-5.40563 4.59316 -7.04855
-0.647898 3.9883 -9.14733
-4.3832 -5.36788e-16 -8.98819
6.49056 -2.00117 -7.33948
6.93049 -5.85672 -4.20323
2.78709 9.00124 3.34811
6.11686 7.911 -0.00319125
6.85622 5.86664 4.30986
-6.12323e-16 -7.4988e-32 10
9.28555 3.68501 -0.446467
9.41186 -0.811829 -3.27992
-8.00375 4.49501 -3.96671
-1.19276 7.79594 6.14822
-5.25214 -4.48767 7.2302
7.07505 -2.5418 6.59416
-8.01112 -4.46097 3.9902
-7.82775 -9.58623e-16 -6.22305
6.61254 6.24743 -4.15257
-7.99845 4.49218 3.9806
