20
82 83 326 5.0 5.0 100.0
83 85 329 4.0 5.0 100.0
85 149 414 3.0 5.0 100.0
149 150 416 2.0 5.0 100.0
150 96 417 1.0 5.0 100.0
96 159 419 -0.0 5.0 100.0
159 105 420 -1.0 5.0 100.0
105 100 421 2.0 -5.0 100.0
100 19 336 3.0 -5.0 100.0
19 20 357 4.0 -5.0 100.0
42 43 347 -5.0 -5.0 100.0
43 49 388 -4.0 -5.0 100.0
49 113 389 -3.0 -5.0 100.0
113 114 391 -2.0 -5.0 100.0
114 119 393 -1.0 -5.0 100.0
119 125 395 -0.0 -5.0 100.0
125 128 397 1.0 -5.0 100.0
128 62 398 -2.0 5.0 100.0
62 66 400 -3.0 5.0 100.0
66 64 337 -4.0 5.0 100.0
