335
1.31446 -0.722631
1.52842 -0.719236
1.39466 -0.552187
1.42623 -0.905104
1.15638 -1.23138
1.30157 -1.07673
1.09345 -1.02682
0.463525 -1.42658
0.621821 -1.57064
0.638669 -1.35724
-0.463525 -1.42658
-0.42007 -1.63616
-0.281072 -1.47343
-1.21353 -0.881678
-1.30157 -1.07673
-1.09345 -1.02682
-1.45287 -0.373035
-1.60653 -0.522016
-1.39466 -0.552187
-1.48817 0.188
-1.68595 0.106118
-1.5 -1.83697e-16
-1.39466 0.552187
-1.60653 0.522016
-1.45287 0.373035
-1.21353 0.881678
-1.42623 0.905104
-1.31446 0.722631
-1.15638 1.23138
-1.30157 1.07673
-1.09345 1.02682
-0.463525 1.42658
-0.621821 1.57064
-0.638669 1.35724
0.281072 1.47343
0.211696 1.67588
0.0941858 1.49704
0.42007 1.63616
0.621821 1.57064
0.463525 1.42658
0.813804 1.48034
0.638669 1.35724
0.992961 1.36662
0.80374 1.26649
1.15638 1.23138
0.956136 1.15577
1.30157 1.07673
1.09345 1.02682
1.42623 0.905104
1.21353 0.881678
1.52842 0.719236
1.31446 0.722631
1.60653 0.522016
1.39466 0.552187
0 1.68919
-0.0941858 1.49704
5.21463 3
6 2.25
6 3
-0.211696 1.67588
-0.281072 1.47343
4.42925 3
4.77566 2.32316
-0.42007 1.63616
4.04126 2.26421
3.2497 2.27351
3.64388 3
-0.813804 1.48034
-0.80374 1.26649
2.42921 2.35108
2.85851 3
-0.992961 1.36662
-0.956136 1.15577
1.66551 2.42988
2.08016 3
0.989637 2.48671
1.34356 3
0.324315 2.53761
0.658358 3
-1.52842 0.719236
-0.332078 2.53646
-0.0253137 2.25695
-1.65932 0.316566
-0.988257 2.49353
-0.663244 3
-1.68595 -0.106118
-1.48817 -0.188
-1.65932 -0.316566
-1.52842 -0.719236
-1.31446 -0.722631
-1.42623 -0.905104
-5.21463 3
-4.77612 2.32746
-4.42925 3
-6 3
-6 2.25
-4.03178 2.24833
-3.64388 3
-5.30177 1.94397
-1.15638 -1.23138
-0.956136 -1.15577
-0.992961 -1.36662
-0.80374 -1.26649
-5.26352 0.378952
-5.2694 1.125
-6 0.75
-0.813804 -1.48034
-0.638669 -1.35724
-0.621821 -1.57064
-0.211696 -1.67588
-0.0941858 -1.49704
-6 -2.25
-5.30469 -1.94313
-6 -1.5
0 -1.68919
0.0941858 -1.49704
-6 -3
-5.21495 -3
-4.77654 -2.32828
0.211696 -1.67588
0.281072 -1.47343
-5.26948 -1.125
-6 -0.75
0.42007 -1.63616
-4.03882 -2.2598
-4.4299 -3
-3.2511 -2.26958
-3.64485 -3
0.813804 -1.48034
0.80374 -1.26649
-2.42732 -2.347
-2.85979 -3
0.992961 -1.36662
0.956136 -1.15577
-0.653092 -2.15936
-1.2559 -2.01923
-0.991778 -2.48756
1.21353 -0.881678
-0.329336 -2.53491
0.32244 -2.53768
-0.0677016 -2.22798
1.60653 -0.522016
1.45287 -0.373035
0.993839 -2.48793
0.661743 -3
1.65932 -0.316566
1.48817 -0.188
2.43205 -2.34965
1.66856 -2.42966
2.08151 -3
1.68595 -0.106118
1.5 0
5.21495 -3
4.7754 -2.3225
4.4299 -3
6 -3
6 -2.25
1.68595 0.106118
1.48817 0.188
4.04196 -2.26403
3.64485 -3
5.29873 -1.94197
1.65932 0.316566
1.45287 0.373035
5.27308 1.13273
5.26962 0.375
6 0.75
5.29941 1.94251
6 1.5
1.34589 -3
1.57137 -1.1416
0.116272 -1.91727
-0.12313 -1.93354
-3.24638 2.26125
-2.85851 3
-2.27216 -0.143312
-2.23666 -0.427042
-1.92702 -0.243533
-2.42652 2.34951
-2.08032 3
-1.65927 2.39139
-1.34533 3
-1.57135 1.14159
0.115791 1.91674
0.272934 2.15747
0.628259 2.18795
0.971335 2.01417
1.05379 1.66055
1.33272 2.00499
0.604084 1.84725
1.23815 1.49654
6 0
1.80586 0.715055
-0.600143 1.84728
-0.382376 2.13606
-0.717504 2.16329
-0.00311799 3
4.51115 -0.00138337
5.26962 -0.375
4.51353 1.53004
1.702 0.93569
1.57135 1.14159
3.62392 1.57072
-1.04078 1.63995
-1.41592 1.32955
0.367219 1.90336
-0.122243 1.93106
-0.841292 1.78246
-5.26362 -0.378763
-6 0
-1.21097 2.03779
-1.70202 0.935698
-6 1.5
-4.52976 1.55655
-1.66225 -2.42755
-2.0815 -3
-1.34597 -3
-3.656 1.43361
-1.04685 -1.6503
-0.826953 -1.75751
-0.600143 -1.84728
-4.53446 -1.34572e-17
-1.88128 -0.483093
-0.662169 -3
-0.000309457 -3
-4.53512 -1.55773
0.369819 -1.89916
0.631809 -2.17534
0.600629 -1.83923
0.266881 -2.16145
-1.70206 -0.93572
-4.49763 -0.813323
-1.57135 -1.14159
-3.69069 -1.45939
-2.75472 -1.70622
-1.23815 -1.49654
1.04862 -1.65147
-1.41592 -1.32955
1.41592 -1.32955
-0.36389 -1.90789
0.826955 -1.75751
3.25083 -2.27385
2.85979 -3
1.33932 -2.00207
1.702 -0.93569
2.23683 0.426644
1.88129 0.483097
1.92702 0.243533
6 -0.75
5.2729 -1.13316
6 -1.5
1.80585 -0.715053
4.51397 -1.52863
3.62398 -1.56911
1.94235 -1.34572e-17
1.92703 -0.243535
4.63432 -0.751683
2.74216 1.71477
4.63099 0.752665
1.88128 -0.483093
3.12695 -1.08079
3.95127 -0.805827
3.12477 1.09241
3.94354 0.803342
2.16566 0.703819
2.74359 -1.71325
1.96468 -1.90967
2.16568 -0.703795
2.27273 -0.143036
0.984009 -2.01047
1.23815 -1.49654
2.22741 -1.44856
1.75588 -1.46082
-1.95735 -1.90534
-1.52182 -1.70024
-1.80585 -0.715053
1.52881 -1.6852
-2.06035 -0.969509
-1.92358 -1.22058
-1.94238 -1.34572e-17
-2.64967 -0.682168
-2.51469 -1.07203
-2.16566 -0.703766
-4.4959 0.812291
-3.80286 -0.481349
-1.88128 0.483093
-1.92702 0.243533
-1.75733 -1.46623
-2.74173 1.7056
-3.83689 0.435222
-1.98176 1.90365
-1.49776 1.73141
-3.0567 1.13278
-1.23815 1.49654
-0.360292 1.86732
0.826953 1.75751
1.96554 1.9086
1.41592 1.32955
2.22777 1.44988
1.9225 1.21984
1.75842 1.46317
2.06052 0.969471
1.52868 1.68684
-2.21966 1.45273
-1.75123 1.4697
-1.80585 0.715053
-2.06105 0.971203
-2.16752 0.70512
-2.23626 0.426986
-2.27268 0.143019
-3.12365 -1.07092
2.05998 -0.969153
2.23652 -0.426948
1.92265 -1.22
-2.23115 -1.45095
-2.66793 -2.8745e-05
-2.69642 -0.334923
-2.69418 0.341212
-2.5039 1.08865
-2.64622 0.689112
-1.91701 1.21721
2.51468 1.09228
3.26824 0.416103
3.78156 -0.00664545
-3.25777 0.600421
-3.18109 0.0175186
-3.22906 -0.497623
2.51802 -1.08847
2.66067 0.690584
2.27269 0.143043
2.69996 -0.341834
2.75144 0.00418305
3.26932 -0.407112
2.70088 0.339009
2.65007 -0.691588
