16
94 95 45 -0.75 -0.0 -120000000.0
95 212 163 -0.75 -0.0 -120000000.0
212 105 159 -0.75 -0.0 -120000000.0
105 209 175 -0.75 -0.0 -120000000.0
209 122 149 -0.75 -0.0 -120000000.0
122 113 59 -0.75 -0.0 -120000000.0
113 111 54 -0.75 -0.0 -120000000.0
111 116 56 -0.75 -0.0 -120000000.0
155 156 76 0.75 -0.0 -120000000.0
156 250 238 0.75 -0.0 -120000000.0
250 248 234 0.75 -0.0 -120000000.0
248 191 232 0.75 -0.0 -120000000.0
191 166 113 0.75 -0.0 -120000000.0
166 168 255 0.75 -0.0 -120000000.0
168 57 82 0.75 -0.0 -120000000.0
57 58 23 0.75 -0.0 -120000000.0
