83
-1.28571 1 1
-0.877298 0.0423559 1
-1.32972 0.297934 -0.037228
-0.433135 0.405702 0.388497
-0.00179687 0.0427199 1
0.436569 0.00163946 -0.0434665
-0.00126388 -0.477532 0.487819
0.428571 1 1
0.00179687 1 -0.0427199
-0.428571 1 1
-0.872928 1 -0.0427143
-0.436329 0.0530325 -0.0939776
0.428571 -1 1
-0.000805475 -1 -0.042494
0.869968 -0.477333 0.487537
1.81953 0.0369204 1
0.872928 0.0427143 1
1.33884 0.127336 -0.144758
1.81956 -1 -0.0369208
0.873113 -1 -0.0427208
1.28571 -1 1
-2.44291 -0.104201 -0.0569619
-2.47514 0.508667 0.135495
-2.49419 0.259578 -0.574551
-1.81492 0.0357152 -1
-3 -0.333572 -0.458794
-3 0.411737 -0.295884
-2.14286 -1 -1
-2.14286 1 -1
-1.81953 1 -0.0369204
-3 1 0
1.81953 -0.0369205 -1
1.28571 -1 -1
2.41631 0.382749 -0.0896002
2.38583 -0.358046 -0.445374
2.33358 -0.269372 0.302431
3 0.413856 0.296654
3 -0.411737 -0.295884
3 0 1
3 -0.333163 0.458862
2.14286 -1 1
3 -1 0
1.28571 1 1
0.877298 1 -0.0423559
1.81971 1 -0.0369272
-3 -1 1
-3 -1 0
-3 -0.413856 0.296654
-2.50334 -0.190752 0.576848
-3 0 1
-2.14286 1 1
-3 0.333163 0.458862
-1.81971 0.0369272 1
-3 1 -1
-1.81967 -1 -0.0369283
-2.14286 -1 1
1.28571 1 -1
-3 0 -1
-0.877085 -1 -0.0425958
-0.949712 -0.402267 0.511556
-0.428571 -1 1
-1.28571 -1 1
0.872943 -0.0427173 -1
-0.00176707 -0.0425062 -1
0.428571 1 -1
2.14286 1 1
3 1 0
-3 -1 -1
2.14286 1 -1
3 0.333572 -0.458794
-0.428571 -1 -1
-0.879912 -0.0413484 -1
-0.428571 1 -1
0.428571 -1 -1
-1.28571 -1 -1
3 -1 -1
3 0 -1
2.14286 -1 -1
3 1 1
3 -1 1
3 1 -1
-3 1 1
-1.28571 1 -1
