3301
0 1 2 3
1 4 3 5
3 5 4 6
3 5 6 7
3 6 4 8
3 9 8 10
10 11 12 13
2 3 8 10
0 3 14 15
0 11 16 17
0 10 11 17
10 12 11 17
3 10 14 18
10 17 14 18
3 5 15 19
1 5 3 19
20 21 22 23
8 9 23 24
20 23 25 26
23 26 27 28
23 25 26 28
29 30 31 32
29 32 33 34
32 33 34 35
32 36 37 38
39 40 41 42
42 43 44 45
33 42 43 46
39 42 44 47
33 42 46 48
41 46 42 48
45 49 50 51
43 52 51 53
51 53 52 54
51 54 55 56
51 56 57 58
51 56 55 59
51 57 56 59
8 60 61 62
62 63 64 65
61 62 65 66
62 63 65 66
21 62 67 68
69 70 71 72
72 73 74 75
76 77 78 79
77 79 80 81
79 82 83 84
15 83 82 84
79 80 81 85
79 83 82 86
66 87 88 89
89 90 91 92
91 92 90 93
63 89 91 92
63 87 66 89
94 95 96 97
14 98 99 100
14 18 17 99
14 101 102 103
14 104 101 105
44 45 43 49
42 43 45 106
32 42 33 107
43 49 51 52
31 33 43 108
109 110 111 112
43 52 53 108
30 31 106 113
29 32 31 33
30 32 38 106
60 114 65 115
60 114 115 116
117 118 119 120
60 116 115 121
115 122 123 124
115 125 124 126
1 4 5 127
128 129 130 131
1 127 19 132
1 133 19 134
1 2 4 135
8 61 21 62
2 24 8 60
60 116 121 136
60 87 65 114
115 124 125 137
114 115 122 138
24 61 114 139
40 140 141 142
22 143 144 145
40 146 140 147
36 40 147 148
36 38 40 148
31 43 32 106
32 36 38 40
32 40 42 107
32 40 38 106
39 40 75 146
40 141 140 146
40 107 140 142
36 149 150 151
36 151 150 152
151 153 154 155
36 149 151 156
157 158 159 160
19 83 103 161
103 162 160 163
103 160 162 164
158 159 160 165
53 166 58 167
166 167 168 169
167 170 171 172
29 167 171 173
167 170 172 174
175 176 177 178
179 180 95 181
31 108 53 167
53 167 108 173
2 3 4 8
177 182 183 184
76 86 82 185
62 67 68 121
8 21 22 68
23 24 27 61
20 21 23 186
23 61 27 187
188 189 190 191
191 192 193 194
150 153 195 196
150 153 155 195
93 155 191 197
90 93 191 192
65 115 114 138
8 62 68 121
8 60 62 121
62 64 67 198
64 65 92 126
65 92 126 195
21 62 61 66
61 66 65 87
199 200 201 184
90 93 92 155
202 203 204 205
93 197 192 206
180 207 95 132
92 197 208 209
93 197 206 208
35 36 156 210
149 150 155 210
36 151 140 156
36 189 150 210
39 47 74 75
39 146 75 211
39 141 146 211
212 141 39 211
40 75 146 147
75 146 147 211
141 152 211 213
141 152 146 211
214 215 216 217
35 37 36 210
35 36 140 156
149 218 154 219
149 151 156 219
35 140 107 156
107 156 142 220
140 142 156 219
64 92 209 221
64 65 126 198
63 65 87 92
3 14 15 18
63 222 208 223
224 225 226 227
90 192 191 194
191 196 195 228
152 153 229 230
150 196 188 231
36 147 140 152
150 155 191 195
147 196 150 231
126 154 153 155
78 232 233 234
32 42 40 106
126 155 153 195
150 191 155 210
153 195 196 229
150 195 191 196
152 153 196 229
189 193 191 235
90 191 155 195
155 191 197 210
191 192 197 210
92 155 197 221
236 237 238 187
15 83 84 105
14 84 98 100
84 98 100 239
7 15 84 98
7 84 15 240
82 240 84 241
79 234 82 241
84 241 98 242
81 241 84 242
243 74 69 73
73 211 75 244
2 13 24 60
2 60 121 136
22 68 245 246
4 68 22 247
22 68 246 247
62 65 64 198
21 62 63 67
61 62 60 65
114 122 116 248
114 122 248 249
24 139 114 250
203 251 252 253
254 253 252 255
256 253 257 258
134 205 258 259
205 253 258 259
256 205 253 258
257 253 254 258
254 253 255 258
4 260 261 262
263 264 39 265
5 266 240 267
268 175 178 227
179 95 94 181
240 269 270 271
131 267 260 272
5 127 262 267
5 262 266 267
127 267 240 272
262 266 267 273
200 268 175 184
22 143 145 262
143 145 262 274
267 274 271 275
276 277 278 279
271 280 281 282
240 267 266 271
240 270 267 271
234 269 271 281
234 269 281 283
234 281 271 280
234 240 266 271
5 6 7 266
262 273 267 274
6 23 9 28
19 240 82 272
284 285 276 286
82 240 269 272
240 267 270 272
7 84 240 241
78 234 79 241
82 269 185 287
83 82 86 185
19 127 240 272
82 272 269 287
5 15 19 240
169 288 289 290
166 290 169 291
289 290 288 292
290 293 292 294
166 290 291 295
237 296 238 27
297 182 268 184
290 293 294 298
166 290 295 298
30 31 32 106
45 72 47 106
299 98 300 301
33 46 43 108
31 45 106 302
108 303 304 305
33 34 35 305
306 18 99 307
33 48 108 305
33 35 107 220
33 35 220 305
32 33 42 43
47 106 72 148
50 308 70 309
70 310 309 311
47 74 72 265
45 72 50 265
50 69 70 308
45 58 50 70
70 71 72 312
19 161 97 313
19 161 103 164
19 97 133 313
5 19 127 240
0 3 15 19
19 272 82 313
15 19 83 103
0 19 15 134
3 15 7 18
14 85 84 100
14 84 85 105
3 7 9 18
19 127 272 313
82 240 234 269
127 260 267 272
42 45 47 106
45 47 72 265
40 42 47 106
40 41 42 107
45 72 106 302
41 44 46 314
44 47 45 265
21 22 68 245
8 22 21 23
4 8 22 68
2 136 135 259
2 121 135 136
53 54 56 172
51 53 54 56
72 148 106 302
31 106 113 302
32 43 42 106
32 33 35 107
30 32 37 38
31 167 58 169
58 167 166 169
31 43 45 53
31 43 53 108
29 108 167 173
72 73 75 148
45 58 70 302
50 70 58 309
70 288 293 310
47 72 74 75
39 75 74 211
38 106 148 315
31 33 32 43
39 40 42 47
316 238 317 318
66 187 186 318
66 88 317 318
319 187 236 318
320 321 322 323
57 324 325 326
327 328 329 330
44 49 46 314
50 51 57 58
46 49 52 331
43 46 49 52
113 315 332 333
30 37 334 335
29 30 37 334
30 113 106 315
30 113 332 336
31 169 113 337
106 113 302 315
5 7 240 266
6 7 266 338
4 5 127 262
145 273 262 274
78 234 266 339
241 266 340 341
78 266 241 341
266 280 271 342
7 266 338 340
234 271 266 280
78 234 241 266
58 113 288 302
29 108 31 167
147 196 244 343
196 344 343 345
204 254 257 253
196 346 228 347
195 228 196 229
115 124 137 348
124 126 125 349
124 230 126 349
123 126 124 230
123 124 122 350
122 124 348 350
4 247 22 351
21 144 22 245
4 22 143 352
4 143 22 262
6 22 20 145
21 68 67 245
20 22 21 144
353 354 355 246
11 120 13 259
12 11 16 120
119 12 16 120
356 357 358 17
0 16 11 258
196 343 229 359
64 126 92 221
123 153 126 230
32 35 37 36
38 315 189 360
40 75 147 148
37 189 36 210
36 40 140 147
36 148 147 189
212 39 74 211
361 362 206 363
364 362 361 363
365 366 193 363
366 206 192 363
192 206 235 363
367 217 362 368
369 248 120 370
119 120 118 248
1 132 19 133
83 287 161 313
181 313 272 371
127 272 313 371
62 115 65 198
306 296 300 307
115 126 123 195
8 23 21 61
9 23 24 27
24 27 61 372
354 373 374 246
24 61 139 372
70 293 309 310
375 376 285 377
57 378 59 379
293 309 310 380
56 309 293 381
58 70 293 309
70 309 308 311
50 308 309 382
293 381 309 383
293 309 380 383
103 163 160 384
83 157 160 385
101 103 105 384
85 386 105 387
105 386 384 387
14 15 103 134
103 160 105 384
80 105 157 387
79 80 85 105
103 161 160 164
14 103 15 105
0 14 102 134
0 16 14 17
79 82 84 241
14 85 104 105
200 268 224 175
83 105 103 160
14 101 103 105
19 132 127 313
285 388 277 389
85 104 105 386
76 79 82 86
34 334 37 368
390 34 304 305
33 304 34 305
391 390 34 304
367 34 392 368
393 367 394 34
393 34 394 334
393 391 34 395
396 215 397 398
149 215 210 216
399 400 401 402
149 156 210 215
396 214 403 215
394 34 367 368
403 215 214 220
37 38 189 360
189 315 190 360
189 193 235 360
189 190 193 360
37 189 235 360
37 335 360 404
185 287 269 405
271 275 274 342
269 271 281 406
270 275 271 406
407 401 408 194
269 409 405 410
145 262 273 338
267 271 270 275
267 271 274 342
15 82 19 240
7 301 241 340
7 9 18 300
78 241 242 341
14 84 15 98
84 98 239 242
299 242 98 301
306 99 18 98
7 300 98 301
7 28 9 300
98 242 241 301
411 299 98 300
412 137 349 413
414 349 415 389
414 349 389 398
51 57 59 324
54 324 416 417
418 56 55 419
70 302 288 312
31 167 169 337
52 54 173 420
54 421 420 422
54 422 420 423
54 324 55 416
116 248 122 370
115 124 123 126
115 122 124 348
115 198 121 424
61 65 60 87
123 138 195 228
123 138 228 425
426 427 428 223
123 122 425 429
115 123 138 195
65 115 126 198
114 138 249 430
173 421 431 432
433 434 431 432
435 433 434 431
433 421 436 432
434 437 171 432
83 82 185 287
438 282 275 406
439 440 274 275
440 274 275 342
131 406 270 410
266 267 273 342
439 274 131 275
0 13 2 259
1 135 251 259
441 403 396 214
135 251 136 442
4 127 135 443
80 81 85 444
445 446 447 448
77 81 444 449
450 99 98 100
77 78 81 112
78 81 112 242
81 239 85 444
7 241 240 266
260 261 262 267
1 251 135 451
376 452 388 377
1 251 133 259
5 262 6 266
127 135 443 451
4 260 127 443
181 182 287 313
97 178 181 313
453 454 455 282
456 299 28 301
0 1 134 259
19 82 83 313
1 133 134 259
133 205 134 259
2 13 136 259
11 258 120 259
13 120 255 259
205 251 253 259
251 255 253 259
235 363 362 404
193 363 235 404
192 206 197 210
21 61 23 187
4 121 68 247
2 10 8 24
9 24 18 27
18 24 307 372
18 307 300 372
12 307 24 372
13 24 114 250
24 139 250 457
113 288 302 458
169 337 459 460
168 291 169 460
113 289 288 461
166 169 168 291
169 290 289 291
462 291 168 460
463 282 280 342
288 292 290 293
58 169 166 288
49 57 51 324
167 169 337 459
113 289 169 288
113 302 315 458
13 114 60 116
6 22 8 23
23 26 186 187
464 20 26 186
6 25 23 28
465 26 25 28
114 115 116 122
124 350 230 413
466 467 468 333
87 90 195 228
123 429 229 469
123 228 229 425
408 194 401 470
471 48 472 473
408 190 193 194
474 475 446 359
476 190 408 470
401 188 477 470
478 477 188 470
188 470 190 479
476 470 478 479
149 210 197 480
151 154 153 230
36 140 151 152
149 154 151 219
149 156 218 219
149 154 218 398
36 149 156 210
151 153 152 230
35 215 156 220
154 230 219 481
126 154 221 389
393 391 392 34
375 377 209 480
64 221 209 482
197 208 209 483
484 209 208 483
197 209 221 480
64 92 208 209
64 286 198 482
125 126 198 482
115 121 116 424
60 115 62 121
485 455 281 282
61 317 139 372
0 11 13 259
61 87 139 317
21 63 62 66
62 67 121 198
88 89 87 90
92 197 209 221
117 118 120 258
375 209 377 482
64 126 221 482
486 487 488 489
125 482 198 490
125 389 126 482
285 389 277 482
277 482 389 490
491 492 219 493
494 481 219 493
491 219 142 493
495 218 142 219
495 142 491 219
36 150 149 210
140 151 152 493
154 219 218 481
142 218 156 219
228 345 425 496
147 150 189 231
196 345 228 346
123 228 195 229
123 229 153 230
88 87 138 228
88 90 87 228
114 250 139 430
116 323 137 424
43 46 52 108
49 51 52 324
50 382 57 497
56 58 293 309
50 309 57 382
57 324 326 498
400 499 500 346
57 59 324 498
113 315 333 458
29 108 173 304
29 32 34 37
33 107 48 220
108 173 303 473
41 48 42 107
471 46 41 48
471 46 473 501
46 331 52 501
49 324 52 331
49 325 57 324
201 502 503 177
63 87 89 92
150 189 188 191
188 196 191 347
149 151 154 155
90 93 155 191
90 155 92 195
191 196 228 347
29 30 32 37
34 37 35 368
37 235 362 404
504 438 453 282
37 362 210 368
150 153 151 155
30 332 335 336
332 360 335 404
37 334 335 404
29 34 33 304
29 33 31 108
37 360 235 404
33 48 46 108
29 30 334 337
38 148 189 315
42 44 43 46
30 31 113 337
75 211 147 244
75 147 148 244
140 147 146 152
40 106 47 148
30 106 38 315
39 47 44 265
505 335 336 460
32 107 35 140
506 335 507 404
507 335 334 404
127 260 262 267
131 267 270 275
0 10 2 13
2 13 10 24
2 13 60 136
240 270 269 272
14 85 100 104
127 313 132 371
127 260 272 371
121 279 247 443
197 206 208 483
209 221 377 482
484 480 209 483
508 484 208 483
508 206 361 483
509 130 260 371
361 362 510 483
510 217 511 480
510 511 484 480
161 287 182 313
161 177 182 287
83 185 161 287
204 203 252 253
83 160 161 385
161 176 185 385
37 38 36 189
152 229 196 343
152 213 229 448
152 229 343 448
151 230 152 493
141 140 152 493
512 419 513 514
147 211 152 343
31 45 43 106
188 190 189 479
148 231 189 315
189 190 315 479
190 315 332 360
191 193 192 235
358 515 12 17
358 515 516 12
516 296 307 457
517 112 77 449
12 307 372 457
518 465 464 26
8 62 21 68
65 114 87 138
24 61 60 114
61 187 66 317
24 372 139 457
12 24 250 457
87 90 89 92
126 153 154 230
149 216 210 480
154 349 230 481
105 160 157 384
6 25 7 338
439 519 520 261
19 133 97 164
0 134 258 259
256 102 134 258
102 162 103 163
256 134 102 162
103 162 134 164
61 87 114 139
13 114 116 248
138 430 139 521
198 279 490 522
62 121 115 198
116 136 255 323
87 195 138 228
288 292 293 310
50 72 69 265
325 326 324 523
31 53 58 167
53 56 58 166
418 59 56 381
50 49 265 325
44 265 49 523
299 300 28 301
456 299 465 28
456 28 25 340
456 301 28 340
6 9 7 28
13 116 60 136
123 350 122 429
121 247 279 522
67 247 121 522
0 1 19 134
19 97 161 164
203 133 524 251
121 279 135 442
202 97 133 164
202 133 203 205
79 85 84 105
80 444 85 525
0 15 14 134
526 86 185 385
83 185 86 385
82 272 287 313
1 2 135 259
1 4 127 135
67 121 198 522
527 284 373 522
65 126 115 195
528 333 529 458
4 135 121 443
1 2 3 4
67 246 247 522
308 309 382 530
58 288 166 293
166 293 298 381
309 311 380 530
309 381 378 383
148 302 312 531
36 38 148 189
113 288 458 461
113 169 289 336
193 360 332 404
147 189 148 231
148 231 315 531
58 113 169 288
133 164 134 205
269 287 272 410
271 275 282 406
22 246 143 352
113 333 336 461
5 240 127 267
19 133 132 313
159 162 160 165
83 157 105 160
83 82 287 313
131 270 272 410
181 272 287 410
269 406 409 410
532 533 534 250
535 536 537 380
538 539 540 298
82 185 269 283
541 383 542 543
82 269 234 283
270 271 269 406
528 544 333 461
131 270 267 272
544 332 333 336
7 18 15 98
10 12 17 18
78 79 81 241
0 14 10 17
9 27 18 300
306 300 18 307
306 98 18 300
420 422 421 432
52 173 108 473
54 172 173 431
52 420 173 473
171 173 172 431
29 33 108 304
53 166 167 172
108 173 304 303
29 173 171 304
167 172 171 173
54 173 421 431
29 171 170 395
29 337 334 459
29 34 304 395
193 235 360 404
30 336 335 337
33 42 48 107
334 337 335 460
511 217 216 480
123 425 229 429
90 191 195 228
114 138 122 249
138 228 425 496
138 425 249 430
66 88 87 317
545 73 71 312
50 51 49 57
169 336 337 460
45 70 50 72
302 458 312 531
72 73 148 312
56 166 172 419
0 258 11 259
13 120 116 255
13 116 120 248
2 8 4 121
121 135 136 442
10 12 18 24
9 10 18 24
0 11 10 13
8 10 9 24
97 181 132 313
111 112 242 341
241 340 301 341
546 80 77 86
299 242 301 341
547 239 299 242
271 282 281 406
266 271 267 342
135 136 251 259
15 83 19 82
12 18 24 307
0 2 1 259
114 139 138 430
136 255 251 259
13 255 136 259
476 544 332 333
6 8 9 23
7 25 28 340
548 96 202 97
91 92 93 208
238 549 317 372
21 23 186 187
465 237 26 27
18 300 27 372
125 349 126 389
36 147 150 189
33 220 48 305
149 221 216 480
31 58 113 169
210 216 215 217
532 534 550 430
135 251 442 451
4 121 247 443
551 445 447 213
3 6 8 9
135 279 443 451
441 214 217 368
116 323 255 370
6 262 145 338
552 553 273 342
554 145 273 338
552 273 145 274
504 455 485 282
54 173 420 421
45 53 51 58
20 22 144 145
6 20 23 25
9 23 27 28
21 66 61 187
555 556 557 558
559 292 294 560
561 144 20 186
6 20 22 23
92 126 155 221
152 230 229 493
140 156 151 219
229 230 469 493
154 221 389 398
123 229 230 469
154 389 349 398
185 269 283 405
102 134 103 162
464 26 236 187
237 27 238 187
254 120 118 258
296 27 300 372
562 296 27 300
237 26 27 187
518 25 465 26
236 26 237 187
465 562 27 28
229 429 448 469
563 445 343 448
474 359 446 448
474 343 359 448
447 213 448 469
229 429 359 448
446 359 429 448
447 448 429 469
151 219 154 230
124 348 350 413
115 116 122 348
556 564 557 558
230 493 481 565
213 229 448 469
149 155 197 210
230 481 413 565
126 154 155 221
92 197 93 208
91 93 192 206
149 197 155 221
149 197 221 480
566 567 561 144
91 194 90 568
476 333 332 479
189 190 191 193
193 192 235 363
191 192 210 235
36 150 147 152
124 125 137 349
149 155 154 221
88 138 139 521
64 67 198 286
64 63 67 222
246 351 247 522
527 246 67 522
63 222 223 569
88 139 317 521
126 389 221 482
92 155 126 195
570 318 568 571
66 317 187 318
13 24 60 114
319 186 187 318
192 206 210 235
115 116 137 424
221 389 377 482
32 40 107 140
54 419 172 572
54 55 56 419
289 290 292 560
50 382 497 573
106 302 148 315
172 513 514 574
42 45 44 47
52 53 108 173
293 294 298 383
56 293 166 381
46 314 49 331
51 59 55 324
44 49 314 523
44 45 49 265
471 575 576 48
56 57 309 381
577 578 579 158
580 39 44 265
29 170 167 459
324 489 331 523
45 51 50 58
580 265 44 523
41 44 42 46
50 58 57 309
54 423 416 581
46 314 331 501
49 331 314 523
54 417 416 423
57 326 379 498
324 417 331 489
324 416 489 498
407 408 192 194
149 221 154 398
122 429 350 582
149 150 151 155
149 216 221 398
64 208 63 222
65 87 92 195
206 210 362 483
44 43 46 49
583 584 378 379
32 36 40 140
39 141 40 146
69 74 72 73
156 215 218 220
147 231 148 244
73 75 148 244
113 458 333 461
73 148 312 531
50 265 69 573
173 420 421 432
54 422 423 581
436 422 437 432
585 421 431 572
436 421 422 432
436 422 421 586
587 421 572 586
171 173 431 432
22 144 143 245
0 3 10 14
78 232 234 339
247 279 351 443
561 20 145 338
588 330 589 489
590 591 592 280
143 262 261 274
6 22 145 262
519 567 143 145
552 554 145 273
567 554 561 145
519 145 143 274
81 84 85 239
552 273 274 342
161 176 385 593
97 178 161 593
261 262 267 274
269 283 405 409
182 405 183 410
329 328 594 581
161 177 178 182
595 232 112 341
266 339 280 342
596 572 597 581
592 553 280 339
109 112 232 598
65 115 138 195
150 152 151 153
141 140 146 152
150 189 191 210
149 215 216 398
140 219 151 493
146 152 147 211
38 106 40 148
188 231 196 344
599 574 513 600
601 602 599 574
166 295 291 514
603 174 604 574
601 599 603 574
604 174 168 574
210 480 217 483
30 335 332 360
171 420 173 432
168 172 514 574
544 605 336 461
168 169 459 460
605 289 336 461
506 335 332 336
506 332 544 336
544 336 333 461
30 332 315 360
34 35 214 368
596 597 594 581
536 294 310 380
107 140 142 156
606 312 458 531
607 310 71 311
537 310 607 311
536 292 606 310
590 280 463 282
256 134 205 258
608 117 16 102
608 101 102 609
610 162 611 163
610 162 159 165
256 611 102 258
492 551 612 565
613 233 232 280
117 16 102 258
614 100 239 444
591 615 592 613
616 104 100 525
356 99 104 609
616 356 99 104
614 100 450 239
159 160 163 384
617 444 547 449
616 99 100 104
10 13 12 24
5 7 15 240
76 79 78 234
85 444 100 525
611 162 102 163
618 104 101 609
356 104 618 609
15 84 82 240
14 18 99 98
547 239 242 449
614 239 547 444
1 127 132 451
210 217 362 483
619 415 137 424
126 230 154 349
126 349 154 389
115 137 125 424
320 323 348 370
415 137 125 349
124 349 137 413
320 323 322 348
357 16 515 17
466 467 333 479
356 17 99 609
296 300 307 372
620 526 502 176
76 78 233 234
61 187 317 372
411 450 98 239
136 251 255 442
12 17 18 307
390 214 34 305
32 35 34 37
621 395 334 459
29 334 395 459
622 171 391 395
393 334 621 395
172 174 431 600
29 167 337 459
54 55 572 581
421 581 572 586
594 55 623 416
624 330 625 423
624 422 328 423
234 240 241 266
109 112 595 232
3 9 10 18
111 547 242 449
78 242 112 341
79 84 83 105
595 339 232 341
131 181 272 371
201 177 503 405
626 183 201 405
131 272 181 410
270 406 269 410
131 275 270 406
256 134 162 205
254 255 120 258
356 357 17 609
357 16 17 609
133 251 205 259
0 102 16 258
256 205 204 253
204 252 254 253
611 117 102 258
607 606 71 310
288 312 302 458
166 291 168 514
627 607 71 311
627 311 308 530
94 95 97 181
628 497 382 573
130 180 181 371
629 131 130 181
179 181 178 182
178 182 181 313
541 630 383 543
583 378 631 558
632 382 497 558
288 292 458 461
50 308 382 573
58 288 70 302
329 416 330 581
52 324 54 417
51 53 56 58
633 634 635 406
454 406 635 409
502 177 176 185
76 234 233 283
94 97 178 181
577 636 637 158
638 86 76 185
639 76 233 283
271 280 282 342
639 638 76 283
294 383 380 543
57 309 378 382
535 380 564 543
627 537 311 380
293 310 294 380
536 294 292 310
57 59 378 381
537 310 311 380
597 418 55 419
72 148 302 312
166 168 167 172
602 295 514 574
166 381 295 514
167 174 168 459
35 210 215 217
510 362 217 483
511 441 216 217
511 216 376 480
361 206 362 483
577 637 640 158
484 209 375 641
52 331 324 417
392 34 214 368
30 113 315 332
29 171 167 170
437 420 171 432
434 171 170 431
437 642 171 420
642 303 171 420
643 644 429 582
644 350 429 582
643 429 249 582
228 359 229 425
147 152 196 343
433 436 437 432
225 636 227 593
447 429 645 469
447 446 429 448
116 136 323 424
645 429 350 469
226 579 620 227
277 415 424 490
619 137 321 424
62 64 63 67
277 278 279 424
646 279 424 442
646 619 647 424
415 125 137 424
619 321 647 424
647 424 321 442
277 415 619 424
97 161 164 593
636 637 158 165
648 548 164 593
579 165 158 385
636 158 579 165
158 165 160 385
160 385 165 593
139 430 457 521
20 144 21 186
296 549 372 457
296 372 307 457
516 307 12 457
550 457 430 521
160 162 164 165
549 457 550 521
649 517 650 651
411 98 299 239
77 80 79 86
78 112 232 341
111 242 112 449
110 111 112 449
85 100 104 525
77 449 444 651
627 71 652 308
70 310 71 312
50 70 69 72
627 71 308 311
254 369 120 370
23 27 26 187
7 338 25 340
238 296 549 372
225 227 178 593
653 503 283 409
175 178 177 184
165 385 227 593
579 526 176 385
575 491 495 142
620 176 175 227
526 185 176 385
592 613 232 280
438 282 463 342
119 12 248 250
592 280 232 339
463 280 553 342
119 12 120 248
499 347 88 496
485 281 280 282
438 454 282 406
166 168 172 514
69 71 70 308
545 73 312 531
528 529 292 458
559 528 292 461
536 310 537 380
559 292 536 294
167 168 169 459
550 430 654 496
534 425 654 430
532 430 550 457
87 138 114 139
532 250 430 457
114 249 250 430
648 164 202 205
81 84 239 242
648 162 164 205
584 418 655 381
366 91 192 206
622 395 621 459
34 214 35 305
597 418 594 55
656 639 657 233
610 611 658 163
659 39 212 141
634 183 635 410
626 635 183 405
0 1 3 19
439 261 131 274
660 131 128 410
131 274 267 275
233 234 281 283
603 661 174 600
603 599 662 600
585 572 431 600
663 585 435 600
603 662 663 600
599 513 664 600
630 378 530 558
665 535 666 543
293 298 381 383
655 378 381 383
583 379 378 558
535 294 380 543
666 630 541 543
109 110 112 598
78 233 232 598
78 232 339 341
77 81 80 444
115 125 126 198
67 198 286 522
21 186 144 569
667 350 348 413
320 348 668 370
322 667 348 413
254 255 320 370
668 369 370 582
642 390 304 303
391 171 304 395
54 55 419 572
21 245 63 569
472 48 305 473
391 304 34 395
392 34 390 214
555 632 583 558
557 669 382 530
665 541 542 543
436 624 670 422
53 172 167 173
665 671 535 543
672 560 671 673
290 298 294 560
378 380 383 543
564 530 557 558
64 67 286 641
122 370 248 582
415 389 125 490
125 389 482 490
277 286 482 490
12 372 24 457
37 362 368 404
322 323 137 348
415 125 424 490
278 646 279 424
277 424 279 490
276 286 490 522
276 286 277 490
369 248 370 582
63 245 222 569
63 186 569 571
120 258 255 259
203 647 252 251
204 205 203 253
668 370 348 582
252 323 255 442
254 120 255 370
210 216 217 480
626 503 635 405
400 500 188 346
400 188 401 347
400 499 347 402
123 230 124 350
91 192 90 194
116 120 248 370
65 138 87 195
597 419 55 572
289 291 290 560
166 288 290 293
166 298 295 381
43 51 45 53
580 263 39 265
418 381 56 419
539 540 298 381
539 381 298 383
584 378 59 381
505 336 289 460
535 294 536 380
584 59 418 381
213 229 469 493
674 426 91 208
675 208 484 641
674 91 206 208
361 206 676 363
91 93 206 208
190 332 315 479
407 192 91 194
6 266 262 338
515 16 12 17
117 120 16 258
3 7 6 9
358 17 12 307
515 119 12 16
76 82 234 283
67 245 68 246
375 209 482 641
216 377 221 398
376 216 377 480
4 8 6 22
484 208 209 641
367 441 217 368
396 216 215 398
376 216 396 377
441 214 396 216
53 56 166 172
597 572 55 581
597 55 594 581
54 172 431 572
435 585 431 600
56 381 166 419
50 57 325 497
585 513 597 572
233 234 232 280
553 280 339 342
613 232 233 598
553 677 273 339
595 677 339 340
81 112 242 449
408 190 194 470
476 332 190 479
401 194 188 470
476 408 190 193
77 233 78 598
656 233 77 598
109 678 110 598
506 365 332 404
353 679 245 569
485 639 233 281
615 678 109 598
592 615 109 598
680 626 635 183
503 185 283 405
633 635 454 406
629 131 181 410
154 398 349 481
88 90 228 347
681 248 369 582
203 205 133 251
96 97 132 133
122 348 370 582
37 189 210 235
69 72 71 73
518 338 677 340
206 362 235 363
606 310 292 458
12 13 248 250
141 142 140 493
116 122 348 370
46 108 48 473
29 167 31 337
507 364 363 404
682 327 624 328
353 566 427 569
606 545 312 531
502 638 503 185
683 73 684 244
685 428 570 571
439 128 660 131
652 686 69 71
519 440 552 274
686 69 71 73
500 687 344 346
687 499 654 496
684 73 231 244
4 22 6 262
488 580 314 523
628 325 326 497
688 69 265 573
487 325 263 523
580 263 265 523
49 265 325 523
462 289 689 291
290 291 295 560
71 73 72 312
466 478 467 479
35 156 107 220
468 458 333 531
588 488 690 417
315 333 458 531
268 182 178 184
181 287 272 313
4 6 5 262
691 344 687 345
364 362 363 404
692 693 397 220
180 132 181 371
397 693 694 220
207 524 132 451
83 160 103 161
559 689 528 461
1 132 133 451
595 112 111 341
256 102 611 162
366 192 193 363
426 91 208 223
365 363 193 404
403 692 397 220
506 332 335 404
504 590 438 282
508 426 208 222
361 510 484 483
394 362 364 404
175 176 502 177
648 202 256 205
684 691 244 344
374 373 695 351
22 247 246 351
554 273 677 338
189 191 210 235
696 697 698 387
357 515 358 17
21 63 66 186
13 114 248 250
189 315 231 479
231 479 315 531
476 478 466 479
477 188 231 479
508 674 361 206
367 510 364 362
478 188 477 479
394 334 368 404
699 492 491 493
456 25 518 340
111 242 299 341
54 56 172 419
553 339 273 342
30 38 37 360
592 613 615 598
456 301 340 341
685 570 407 91
677 338 273 340
639 233 281 283
639 76 657 233
656 657 77 233
591 485 613 280
51 55 54 324
592 109 232 598
83 161 185 385
487 488 489 523
592 232 613 598
591 613 592 280
196 344 345 346
435 434 661 431
700 168 604 174
435 585 701 431
702 589 588 330
421 422 581 586
621 459 334 460
703 459 621 460
401 347 194 402
435 701 433 431
625 588 690 417
596 572 581 586
661 170 700 174
171 172 170 431
435 431 661 600
70 72 302 312
540 295 298 381
669 382 308 573
630 378 655 383
292 294 293 310
505 605 289 336
657 76 77 233
682 624 436 422
188 344 196 346
704 596 682 586
539 655 418 381
564 627 557 530
632 669 628 382
546 76 638 86
670 472 705 420
592 232 595 339
656 77 517 598
706 671 665 542
84 100 85 239
374 246 351 352
452 694 414 398
623 55 59 416
270 269 272 410
667 645 350 565
188 191 194 347
645 469 350 565
516 12 532 457
704 436 433 586
676 206 366 363
494 667 413 565
492 494 493 565
197 480 210 483
197 210 206 483
230 413 350 565
508 208 206 483
691 343 244 344
551 213 469 493
551 493 469 565
492 493 551 565
570 707 399 568
110 517 112 598
708 618 709 386
508 674 206 208
316 88 317 521
438 463 440 342
179 629 180 181
161 185 177 287
408 193 192 194
710 525 444 651
474 654 475 425
508 675 679 222
14 103 102 134
79 84 81 241
101 105 104 386
711 80 546 86
552 463 553 342
674 91 366 206
711 86 526 385
160 165 164 593
508 426 674 208
606 545 71 312
426 679 427 223
54 572 421 581
712 331 314 501
506 505 335 336
713 506 505 335
41 48 107 142
47 72 75 148
462 505 289 460
506 544 505 336
589 623 714 498
672 689 559 560
557 627 669 530
713 335 505 460
506 365 476 332
601 662 603 599
365 193 332 404
365 193 476 332
426 222 679 223
30 335 334 337
48 108 305 473
671 542 294 543
290 294 292 560
375 482 286 641
672 559 671 560
583 584 631 378
64 209 208 641
690 417 331 501
674 685 366 91
627 607 652 71
264 212 659 39
468 715 545 531
90 194 347 402
150 152 153 196
716 462 689 291
64 208 222 641
322 137 412 413
665 542 671 543
87 90 92 195
277 389 415 490
412 494 667 413
414 412 349 481
66 89 88 568
367 392 441 368
488 314 712 331
520 143 246 352
219 481 230 493
412 413 349 481
52 417 423 501
59 416 324 498
88 89 90 568
399 316 400 402
596 587 572 586
534 249 425 430
229 425 359 429
167 170 174 459
63 208 91 223
475 425 249 429
414 412 415 349
474 345 654 425
401 188 194 347
330 489 416 498
534 249 475 425
140 142 219 493
330 416 417 423
671 560 294 673
622 391 393 395
4 351 260 443
295 298 560 673
717 650 718 651
4 260 351 352
520 143 355 246
110 112 517 449
110 617 547 449
519 567 355 143
542 294 298 673
243 686 683 73
262 266 273 338
674 426 685 91
706 671 542 673
129 260 261 352
719 672 706 673
129 260 131 261
439 129 131 261
12 13 11 120
438 275 660 406
4 351 22 352
115 125 198 424
675 527 222 641
51 54 52 324
63 92 91 208
686 684 683 73
500 231 188 344
519 552 145 274
426 208 222 223
570 568 91 571
516 549 296 457
549 317 457 521
110 547 111 449
500 687 691 344
697 718 698 387
720 144 186 569
721 722 640 158
63 569 223 571
685 91 223 571
554 561 145 338
428 720 186 569
595 456 340 341
527 67 286 522
121 279 198 522
202 96 203 133
566 144 720 569
427 223 679 569
636 165 227 593
176 227 385 593
375 285 286 482
176 178 227 593
226 636 579 227
224 226 620 227
718 80 387 525
319 236 707 318
527 286 284 522
80 85 105 387
723 157 384 387
63 67 222 245
708 384 386 387
612 469 645 565
12 24 13 250
284 286 276 522
102 103 101 163
708 709 696 387
388 414 389 398
527 222 67 245
696 709 697 387
276 490 279 522
170 172 174 431
512 540 419 514
606 468 545 531
56 57 58 309
512 419 597 513
21 186 66 187
207 132 443 451
575 724 491 41
646 279 442 451
141 152 213 493
64 198 126 482
719 538 725 673
180 207 132 371
64 482 209 641
324 416 417 489
718 650 546 80
492 494 219 493
719 725 716 560
264 726 212 74
202 164 133 205
39 74 47 265
683 74 73 211
487 580 488 523
243 683 74 73
681 643 249 582
688 69 243 74
524 646 442 451
576 495 693 48
626 201 503 405
35 214 220 305
353 355 566 245
277 619 278 424
110 617 449 651
80 444 525 651
524 646 647 442
692 48 220 305
396 397 452 398
563 446 445 448
403 692 220 305
710 718 525 651
77 444 80 651
403 397 215 220
254 252 320 255
692 48 693 220
717 649 650 651
717 710 617 651
495 48 142 220
21 144 245 569
683 563 726 343
319 186 318 571
611 102 101 163
238 187 317 318
90 194 191 347
478 408 401 470
407 91 570 568
18 27 24 372
403 220 214 305
495 218 694 220
397 694 218 220
196 228 345 359
391 642 390 304
686 545 684 73
567 561 144 145
693 48 495 220
236 187 238 318
622 393 621 395
606 312 310 458
319 186 464 187
415 412 137 349
518 20 25 26
414 218 727 481
465 562 237 27
230 469 493 565
728 632 729 497
494 481 493 565
727 218 219 481
160 161 385 593
599 512 664 513
8 24 61 60
78 241 81 242
648 256 162 205
160 164 161 593
196 229 228 359
30 113 336 337
67 246 68 247
37 368 334 404
209 377 221 480
716 689 672 560
53 54 172 173
206 210 235 362
113 336 289 461
661 622 700 170
364 361 676 363
559 529 536 292
73 231 148 531
585 664 513 600
40 141 41 142
662 664 663 600
441 214 216 217
716 295 291 560
527 245 67 246
564 630 530 558
729 628 326 497
52 54 420 423
527 284 286 641
594 418 623 55
730 588 702 589
701 421 587 586
695 279 351 522
690 471 731 501
64 222 67 641
373 351 246 522
394 507 334 404
624 731 670 423
52 331 417 501
35 210 156 215
540 381 418 419
35 217 214 368
732 714 733 734
556 631 630 558
705 472 305 473
713 334 507 335
29 395 170 459
268 179 94 178
688 265 325 573
57 378 379 382
471 576 472 48
495 142 218 220
471 46 48 473
78 339 266 341
640 722 578 158
650 77 546 80
723 698 711 157
35 215 214 217
147 244 211 343
334 459 337 460
708 723 721 384
696 698 723 387
48 107 142 220
546 77 76 86
167 172 168 174
256 204 257 253
230 350 469 565
124 137 348 413
578 711 526 385
636 548 648 593
590 485 280 282
590 485 591 280
495 727 218 219
727 219 494 481
722 723 711 157
652 686 243 69
2 60 8 121
139 372 317 457
532 250 534 430
654 430 425 496
46 52 473 501
491 41 141 142
708 386 709 387
109 111 595 112
562 306 296 300
610 256 611 162
708 696 735 723
471 41 575 48
471 41 46 314
226 636 577 579
263 688 265 325
721 723 157 384
583 497 379 558
724 41 39 141
254 320 369 370
688 69 74 265
669 308 69 573
427 720 428 569
686 71 545 73
52 54 53 173
110 449 517 651
57 382 379 497
77 78 112 598
326 497 379 734
56 58 166 293
508 679 426 222
617 444 449 651
708 723 384 387
711 80 86 157
379 497 382 558
504 453 455 282
721 723 722 157
256 257 611 258
256 202 204 205
132 313 181 371
616 100 444 525
177 182 287 405
14 15 84 105
561 720 144 186
658 163 101 384
527 373 354 246
225 548 636 593
679 222 245 569
566 355 144 245
720 464 319 186
428 569 186 571
653 638 639 283
226 225 636 227
566 245 144 569
716 725 295 560
634 635 406 410
711 638 526 86
427 566 720 569
561 20 464 186
538 298 295 673
721 610 658 159
253 255 258 259
60 65 62 115
629 128 131 410
127 443 132 451
716 291 295 574
118 120 369 248
650 77 80 651
21 67 63 245
614 450 411 239
617 614 547 444
736 182 183 410
321 424 323 442
3 5 7 15
139 457 317 521
216 221 377 480
0 3 2 10
121 424 279 442
661 431 174 600
670 420 437 422
320 668 369 370
562 296 237 27
190 191 193 194
614 411 547 239
617 710 444 651
396 377 216 398
94 96 548 97
1 5 19 127
452 388 377 398
731 420 670 423
527 286 67 641
437 422 420 432
456 465 25 28
328 581 422 586
682 596 328 586
198 482 286 490
682 328 422 586
63 65 66 87
31 113 58 302
14 99 17 609
97 161 178 313
502 503 177 185
252 321 320 323
511 376 375 480
375 376 377 480
79 86 80 105
285 377 388 389
690 488 712 331
285 377 389 482
233 281 234 280
212 699 141 213
375 377 285 482
545 715 684 231
252 647 321 442
127 371 132 443
179 94 178 181
579 227 165 385
731 471 472 501
472 576 692 48
717 617 649 651
528 544 466 333
30 37 335 360
477 500 715 231
492 494 727 219
252 321 323 442
472 473 420 501
252 320 255 323
477 188 500 231
688 243 264 74
212 551 699 213
400 346 188 347
321 137 322 323
321 137 323 424
400 347 401 402
88 496 138 521
517 449 77 651
315 332 333 479
677 273 339 340
708 658 618 386
76 77 79 86
710 718 697 387
708 696 723 387
196 244 343 344
78 232 112 598
127 260 371 443
538 540 295 298
70 288 310 312
519 143 261 274
7 241 266 340
85 386 387 525
131 261 267 274
374 351 509 352
439 129 128 131
618 386 104 525
708 721 658 384
616 618 356 104
595 340 339 341
709 618 616 525
710 616 444 525
509 207 371 443
267 274 273 342
121 136 424 442
484 375 209 480
20 23 26 186
709 386 618 525
725 538 540 295
114 249 248 250
63 223 91 571
13 116 136 255
527 679 222 245
518 464 20 26
733 379 497 734
328 423 422 581
627 537 607 311
625 417 731 423
695 279 207 443
527 67 222 641
624 670 422 423
63 66 186 571
625 330 417 423
228 347 346 496
510 441 511 217
373 695 351 522
14 101 104 609
330 416 423 581
515 533 532 250
589 416 623 498
551 447 612 469
131 261 260 267
6 145 20 338
355 143 245 246
353 245 527 246
622 170 171 395
125 198 424 490
624 328 330 423
353 355 245 246
652 607 686 71
266 273 339 342
729 628 487 326
627 652 669 308
247 351 279 522
588 417 330 489
67 68 121 247
17 99 18 307
4 261 260 352
355 143 144 245
652 243 688 69
6 20 25 338
327 329 702 330
66 89 568 571
702 329 589 330
577 579 636 158
438 634 633 406
181 287 182 410
648 164 162 165
7 28 300 301
736 183 634 410
721 159 658 384
577 640 578 158
725 295 560 673
698 80 157 387
635 183 405 410
269 405 287 410
705 303 420 473
80 85 387 525
4 143 261 352
660 275 131 406
721 640 637 158
534 643 475 249
511 441 396 216
392 391 390 34
397 218 694 398
713 334 335 460
622 170 395 459
285 277 286 482
46 52 108 473
284 375 286 641
602 295 540 514
166 419 381 514
172 513 574 600
599 512 513 514
388 389 377 398
599 514 513 574
306 516 296 307
464 465 236 26
289 292 288 461
450 358 306 99
266 339 340 341
52 420 473 501
129 130 131 260
316 238 549 317
528 333 458 461
396 214 215 216
528 458 292 461
224 175 268 227
592 595 553 339
554 677 518 338
532 12 250 457
606 71 310 312
151 219 230 493
113 333 332 336
629 130 180 181
515 119 533 250
11 16 120 258
188 194 190 470
426 428 685 223
90 191 228 347
476 190 470 479
365 366 408 193
149 218 215 398
115 137 116 348
566 561 720 144
319 464 236 187
608 16 357 609
551 469 612 565
392 390 403 214
608 102 16 609
14 17 16 609
434 171 431 432
585 513 572 600
88 347 228 496
575 724 41 314
701 585 421 431
35 214 215 220
701 421 433 431
575 41 491 142
660 634 406 410
622 434 171 170
727 494 412 481
316 499 88 521
196 231 244 344
661 434 170 431
688 74 264 265
396 452 377 398
675 484 375 641
585 587 421 572
484 511 375 480
726 445 211 343
589 330 329 416
418 55 56 59
326 379 498 734
729 486 732 734
730 732 486 734
733 584 379 498
238 27 296 372
733 498 379 734
324 489 326 498
326 498 489 734
589 330 416 498
619 415 321 137
729 733 497 734
266 339 273 340
45 50 49 265
426 685 91 223
64 65 63 92
612 447 645 469
668 667 645 350
550 430 496 521
564 537 627 380
690 712 471 501
685 223 428 571
366 91 407 192
556 630 564 558
669 652 688 69
316 707 318 402
399 707 402 568
400 499 346 347
700 170 622 459
407 399 402 568
555 557 632 558
116 137 323 348
123 126 153 195
630 530 378 543
666 564 556 630
450 100 98 239
8 24 23 61
671 294 542 673
705 472 692 305
320 255 323 370
136 255 323 442
1 135 127 451
730 588 589 734
729 487 486 326
268 178 225 227
117 119 16 120
559 528 529 292
670 705 437 420
54 431 421 572
515 12 119 250
618 658 101 386
548 97 164 593
92 155 93 197
615 656 678 598
266 273 338 340
678 656 517 598
116 121 136 424
695 278 207 279
485 233 613 280
508 208 675 222
64 92 63 208
590 592 553 280
503 177 185 405
19 134 133 164
116 348 323 370
592 109 595 232
710 709 616 525
494 413 481 565
15 103 83 105
414 349 398 481
7 98 241 301
445 447 213 448
438 660 634 406
438 440 660 275
517 77 112 598
212 141 211 213
552 553 554 273
94 97 548 593
271 282 275 342
123 230 350 469
152 343 211 448
656 613 233 598
499 88 347 402
150 188 189 231
504 485 590 282
63 91 89 571
485 639 613 233
110 649 617 651
637 610 159 165
499 346 347 496
719 737 716 725
447 738 645 429
89 91 90 568
719 706 538 673
263 264 659 39
570 319 318 571
88 402 318 568
700 174 170 459
694 218 414 398
29 304 171 395
88 139 87 317
687 345 346 496
550 534 654 430
685 570 91 571
606 458 468 531
40 47 75 148
716 725 739 574
393 392 367 34
465 237 236 26
7 98 84 241
121 198 279 424
299 562 28 300
533 249 534 250
499 550 496 521
567 552 554 145
454 653 455 281
122 248 249 582
681 533 248 249
411 306 562 300
590 553 463 280
123 350 429 469
580 44 314 523
545 231 73 531
485 455 653 281
499 550 654 496
687 346 499 496
545 684 73 231
684 244 231 344
684 715 500 231
138 496 430 521
130 181 131 371
66 568 318 571
567 144 143 145
139 430 250 457
438 590 463 282
454 281 455 282
269 406 281 409
561 518 464 20
518 25 338 340
0 14 16 102
599 602 514 574
108 303 305 473
596 587 597 572
703 621 713 460
462 505 605 289
704 433 701 586
603 174 574 600
113 169 336 337
172 574 174 600
433 431 421 432
671 294 535 543
542 539 538 298
725 538 295 673
588 488 417 489
654 425 345 496
173 420 303 473
297 736 182 183
437 705 642 420
394 364 507 404
33 108 304 305
147 152 150 196
628 263 487 325
705 390 642 303
736 629 182 410
199 201 183 184
177 183 182 405
500 344 188 346
575 495 576 48
632 557 669 382
628 669 688 573
487 263 580 523
715 467 231 531
628 688 263 325
467 479 231 531
407 402 194 568
476 193 190 332
689 605 528 461
733 714 584 498
623 416 59 498
390 403 214 305
31 58 45 302
40 41 107 142
477 231 467 479
201 177 183 184
462 605 689 289
365 408 476 193
674 366 676 206
396 403 397 215
353 245 566 569
537 606 607 310
180 132 95 181
607 545 686 71
729 326 486 734
177 178 182 184
179 629 181 182
188 191 190 194
705 692 390 305
534 250 249 430
532 550 549 457
268 179 178 182
506 476 544 332
6 7 25 28
671 559 294 560
471 712 575 314
464 186 26 187
515 532 12 250
561 518 20 338
35 37 210 368
439 520 129 261
584 59 378 379
229 359 343 448
642 304 171 303
171 303 173 420
439 440 519 274
700 703 604 168
478 470 188 479
624 625 731 423
358 306 99 307
364 510 361 362
15 19 103 134
243 726 264 74
545 715 231 531
9 28 27 300
549 317 372 457
705 305 303 473
630 378 383 543
476 408 478 470
309 378 380 383
542 383 294 543
652 71 69 308
476 466 544 333
14 102 101 609
623 55 418 59
528 605 544 461
45 70 72 302
50 57 49 325
628 325 497 573
124 230 349 413
683 691 563 343
74 75 73 211
669 69 688 573
628 325 487 326
628 688 325 573
115 123 122 138
667 350 413 565
668 348 667 350
539 655 381 383
542 539 298 383
508 484 675 208
321 412 322 137
2 121 4 135
31 53 45 58
276 279 695 522
616 99 450 100
675 222 208 641
414 398 218 481
388 414 415 389
321 415 412 137
322 412 667 413
154 218 398 481
494 612 667 565
14 100 99 104
356 17 358 99
82 234 240 241
450 99 306 98
353 527 354 246
116 255 120 370
428 186 319 571
411 98 306 300
707 318 402 568
358 99 17 307
320 322 668 348
198 279 424 490
527 373 246 522
376 388 285 377
230 349 413 481
474 687 654 345
551 213 447 469
520 355 354 246
129 374 509 352
436 670 437 422
478 401 477 470
88 90 347 402
415 349 125 389
500 499 687 346
400 477 401 188
603 663 435 600
54 421 422 581
682 422 436 586
700 621 703 459
327 702 625 330
585 512 597 513
50 69 308 573
704 701 587 586
471 575 41 314
699 141 213 493
447 446 738 429
391 171 642 304
632 497 583 558
597 513 419 572
519 143 520 261
575 495 48 142
472 48 692 305
650 517 657 77
678 649 110 517
650 517 77 651
724 39 41 314
705 303 642 420
710 697 709 387
705 420 472 473
210 362 217 368
698 546 711 80
7 28 301 340
439 660 440 275
297 629 179 182
29 37 34 334
636 165 579 227
335 337 336 460
711 157 86 385
161 178 176 593
603 661 700 174
14 16 102 609
159 160 162 163
616 618 104 525
80 105 86 157
567 144 355 143
520 246 374 352
329 330 328 581
171 304 173 303
19 103 134 164
554 518 561 338
485 653 639 281
509 260 351 443
721 637 610 159
653 503 638 283
284 375 285 286
635 409 406 410
232 280 234 339
456 518 677 340
716 295 725 574
50 497 325 573
661 170 174 431
585 597 587 572
131 272 260 371
434 642 391 171
7 18 98 300
540 381 419 514
585 664 512 513
520 129 261 352
520 261 143 352
61 66 87 317
400 316 499 402
674 676 361 206
399 707 316 402
129 509 260 352
509 351 260 352
407 570 399 568
446 475 738 429
169 291 289 460
703 168 459 460
142 156 218 220
37 235 210 362
589 489 330 498
653 639 281 283
269 281 283 409
50 325 265 573
299 239 98 242
88 90 402 568
454 281 282 406
454 653 281 409
485 281 233 280
157 160 159 384
147 196 231 244
105 384 157 387
276 278 695 279
353 427 679 569
675 375 284 641
721 157 159 384
701 433 421 586
27 187 61 372
684 231 500 344
277 388 415 389
138 425 430 496
658 159 163 384
708 384 658 386
43 49 45 51
309 378 382 530
378 382 530 558
316 88 499 402
681 249 248 582
512 540 418 419
91 93 90 192
668 645 644 350
710 616 614 444
710 387 709 525
718 546 698 80
603 435 661 600
602 540 512 514
39 40 47 75
644 350 645 429
717 697 710 718
723 698 157 387
412 494 413 481
149 156 215 218
589 329 623 416
632 557 382 558
52 417 54 423
628 382 669 573
397 218 215 220
679 223 222 569
584 655 378 381
88 138 87 139
49 324 331 523
557 530 382 558
669 308 382 530
610 658 159 163
157 158 160 385
659 212 699 141
721 158 637 159
631 655 630 378
555 631 556 558
606 529 468 458
669 652 69 308
610 159 162 163
637 159 158 165
528 466 529 333
39 41 40 141
70 308 71 311
683 211 73 244
264 212 39 74
683 211 244 343
88 228 138 496
643 644 738 429
474 359 345 425
76 82 79 234
678 517 110 598
172 419 513 572
681 644 643 582
288 310 312 458
152 229 213 493
29 31 30 337
366 407 408 192
575 48 41 142
30 315 38 360
268 178 175 184
148 315 302 531
356 608 357 609
687 345 344 346
705 390 303 305
32 35 36 140
29 334 34 395
390 304 303 305
731 423 417 501
488 331 417 489
690 731 417 501
55 324 59 416
150 191 188 196
356 618 608 609
509 207 180 371
553 677 554 273
608 611 117 102
54 416 55 581
257 118 117 258
328 330 423 581
357 117 119 16
445 213 211 448
495 727 694 218
378 379 382 558
446 359 475 429
627 380 311 530
564 380 627 530
376 396 452 377
462 289 291 460
308 311 309 530
477 715 467 231
504 591 590 485
519 355 520 143
57 326 325 497
627 308 669 530
487 489 326 523
620 579 526 176
468 467 715 531
486 326 487 489
511 396 376 216
475 359 425 429
594 55 416 581
57 379 59 498
615 613 656 598
452 397 694 398
486 326 489 734
93 191 192 197
276 277 279 490
172 572 513 600
400 500 477 188
643 738 475 429
491 492 727 219
474 475 359 425
566 355 567 144
604 168 291 574
700 168 174 459
322 348 137 413
693 495 694 220
700 703 168 459
123 122 138 425
604 168 462 291
694 727 414 218
324 326 489 523
488 331 489 523
257 254 118 258
278 619 646 424
471 712 314 501
152 211 213 448
683 726 211 343
119 681 533 248
690 331 712 501
438 454 453 282
254 369 118 120
731 420 423 501
570 319 707 318
471 473 472 501
731 472 420 501
684 500 691 344
445 211 343 448
719 560 672 673
466 468 529 333
683 244 691 343
358 12 516 307
474 563 343 448
373 276 695 522
123 195 153 229
675 527 679 222
52 423 420 501
625 690 731 417
236 238 707 318
584 623 59 498
737 739 725 602
507 364 676 363
716 737 739 725
166 293 290 298
70 71 310 311
329 594 623 416
719 725 560 673
488 314 331 523
702 588 625 330
596 581 328 586
330 417 416 489
719 716 672 560
648 162 610 165
722 711 578 157
648 256 610 162
736 128 629 410
722 157 578 158
224 620 175 227
225 94 548 593
579 176 227 385
474 343 345 359
329 594 416 581
658 611 608 101
657 76 546 77
656 613 639 233
639 638 657 76
524 442 251 451
487 326 325 523
650 657 546 77
617 710 614 444
690 488 331 417
207 646 524 451
657 638 546 76
519 552 567 145
547 444 239 449
122 249 138 425
584 59 379 498
728 729 733 497
733 714 498 734
175 176 178 227
58 70 288 293
589 498 714 734
730 589 714 734
486 488 588 489
670 420 422 423
589 489 498 734
0 134 102 258
728 583 632 497
96 524 203 133
583 733 584 379
618 658 608 101
502 176 526 185
739 725 602 574
716 739 291 574
596 594 328 581
172 431 572 600
601 603 739 574
661 434 622 170
510 480 484 483
676 366 365 363
662 599 664 600
716 739 462 291
471 314 46 501
495 491 727 219
621 334 713 460
703 462 168 460
390 692 403 305
212 211 445 213
717 718 710 651
620 502 175 176
503 185 638 283
22 245 143 246
526 86 638 185
629 128 130 131
207 443 279 451
397 215 218 398
611 257 117 258
699 491 141 493
241 301 242 341
660 406 131 410
199 626 680 183
492 612 494 565
394 367 362 368
491 142 141 493
478 477 467 479
541 655 539 383
701 585 587 421
606 292 529 458
454 281 406 409
680 635 634 183
535 537 564 380
512 418 597 419
488 580 712 314
737 601 739 602
199 736 297 183
161 182 178 313
601 739 602 574
724 491 41 141
264 74 39 265
580 44 39 314
665 666 541 543
739 604 291 574
638 185 76 283
76 185 82 283
199 680 736 183
118 369 681 248
660 128 634 410
612 645 667 565
467 333 479 531
428 720 319 186
69 72 74 265
1 133 251 451
39 44 41 314
166 172 419 514
297 179 268 182
725 295 602 574
297 183 182 184
629 181 182 410
14 15 18 98
161 177 176 178
728 733 583 497
631 584 655 378
316 549 499 521
712 724 575 314
374 246 373 351
698 80 711 157
96 132 524 133
199 201 626 183
177 287 185 405
570 428 319 571
668 350 644 582
39 42 41 44
366 685 407 91
718 650 80 651
188 346 196 347
456 299 301 341
66 318 186 571
129 509 130 260
616 100 614 444
85 239 100 444
77 78 79 81
648 548 202 164
66 88 318 568
578 579 158 385
203 524 647 251
316 318 88 402
710 718 387 525
79 81 84 85
161 176 177 185
708 735 721 723
735 722 721 723
721 157 722 158
81 242 239 449
238 317 187 372
529 333 468 458
533 248 249 250
175 502 201 177
309 311 310 380
110 517 649 651
81 239 444 449
711 546 638 86
553 595 677 339
718 80 698 387
77 112 81 449
536 529 606 292
736 634 128 410
607 606 545 71
541 630 655 383
680 634 736 183
454 635 653 409
438 633 453 454
706 542 538 673
238 187 27 372
681 369 644 582
536 606 537 310
644 645 738 429
57 379 326 497
729 497 326 734
731 472 670 420
725 540 602 295
508 361 484 483
12 13 120 248
136 323 424 442
263 688 264 265
172 513 419 514
168 174 172 574
505 544 605 336
438 275 282 342
4 8 68 121
653 283 281 409
85 104 386 525
502 526 638 185
182 287 405 410
411 450 306 98
518 25 20 338
718 80 525 651
234 269 240 271
234 280 266 339
64 286 482 641
122 249 425 429
4 261 143 262
620 579 176 227
111 299 456 341
434 437 642 171
516 532 549 457
439 131 660 275
316 707 238 318
540 295 381 514
622 434 391 171
438 440 275 342
561 464 720 186
691 687 474 345
549 550 499 521
97 132 133 313
95 132 97 181
96 97 95 132
439 519 261 274
394 507 713 334
548 97 202 164
636 648 637 165
438 633 454 406
202 97 96 133
632 382 628 497
562 27 28 300
730 714 732 734
507 363 365 404
407 194 91 568
393 34 334 395
555 632 728 583
555 583 631 558
73 148 231 244
632 628 729 497
735 640 721 722
90 194 402 568
637 648 610 165
506 507 365 404
411 562 299 300
199 183 297 184
12 16 11 17
635 503 653 409
199 297 200 184
440 552 274 342
224 268 225 227
297 736 629 182
633 634 680 635
366 408 193 192
407 401 194 402
119 118 681 248
407 399 401 402
533 643 534 249
691 474 563 343
704 587 596 586
122 350 348 582
197 209 480 483
190 332 193 360
516 515 532 12
618 101 104 386
19 83 161 313
728 729 732 733
583 733 379 497
83 86 105 157
468 333 467 531
476 466 333 479
730 486 588 734
729 732 733 734
486 489 588 734
588 489 589 734
618 101 608 609
578 526 579 385
608 611 102 101
119 248 533 250
714 623 584 498
22 351 246 352
658 611 101 163
534 475 654 425
646 424 647 442
168 514 291 574
278 646 207 279
509 180 130 371
507 676 365 363
524 133 132 451
625 330 588 417
700 622 621 459
393 394 621 334
243 683 726 74
703 713 505 460
95 207 524 132
122 249 429 582
658 384 101 386
666 535 564 543
96 95 524 132
666 564 630 543
603 604 739 574
21 63 186 569
635 405 503 409
175 177 201 184
200 175 201 184
659 724 39 141
739 604 462 291
703 505 462 460
378 530 380 543
682 328 624 422
675 284 527 641
252 251 647 442
668 322 667 348
353 679 527 245
221 377 389 398
541 539 542 383
542 298 294 383
671 536 535 294
288 292 310 458
284 276 373 522
392 403 441 214
603 574 599 600
559 289 689 461
539 418 540 381
293 380 294 383
671 559 536 294
524 647 251 442
706 672 671 673
201 183 177 405
452 414 388 398
542 298 538 673
212 445 551 213
83 86 157 385
580 39 724 314
689 291 289 560
608 117 357 16
616 356 450 99
268 94 225 178
559 689 289 560
524 251 133 451
121 135 279 443
440 463 552 342
316 317 88 318
699 551 492 493
659 699 724 141
709 387 386 525
692 576 693 48
302 315 458 531
166 288 169 290
76 78 77 233
291 514 295 574
414 727 412 481
252 255 251 442
595 456 677 340
299 562 465 28
510 217 480 483
294 560 298 673
724 699 491 141
616 450 614 100
509 351 695 443
252 253 251 255
509 371 260 443
681 643 533 249
695 351 279 443
207 279 646 451
712 580 724 314
580 659 724 39
394 713 621 334
580 263 659 39
713 507 506 335
200 297 268 184
203 205 251 253
285 277 276 286
357 119 515 16
428 223 569 571
101 163 103 384
721 157 158 159
358 516 306 307
207 132 371 443
111 547 299 242
547 411 299 239
61 87 60 114
456 465 518 25
79 83 86 105
356 358 450 99
101 384 105 386
635 405 409 410
134 164 162 205
578 157 711 385
578 158 157 385
656 657 517 77
668 644 369 582
595 111 456 341
663 701 435 585
691 474 343 345
691 343 344 345
687 654 345 496
668 348 350 582
196 345 343 359
89 91 568 571
228 346 345 496
465 27 26 28
228 345 359 425
4 247 351 443
699 213 551 493
290 295 298 560
561 20 144 145
14 104 99 609
169 289 336 460
559 289 292 560
212 74 726 211
212 726 445 211
559 292 289 461
683 726 74 211
689 289 605 461
716 291 689 560
663 664 585 600
198 490 286 522
570 318 707 568
188 189 231 479
243 69 686 73
643 475 249 429
726 563 445 343
564 380 530 543
474 446 563 448
520 354 374 246
564 530 630 543
316 317 549 521
35 210 217 368
683 684 691 244
499 496 88 521
309 380 378 530
631 378 630 558
636 648 165 593
648 164 165 593
367 441 510 217
63 89 66 571
427 428 223 569
57 378 309 381
225 178 94 593
94 178 97 593
4 127 260 262
503 405 283 409
704 682 436 586
56 59 57 381
315 479 333 531
49 325 324 523
263 325 265 523
392 214 441 368
367 217 510 362
135 442 279 451
130 131 260 371
520 374 129 352
327 624 328 330
327 625 624 330
394 334 34 368
394 368 362 404
394 367 364 362
599 602 512 514
603 700 604 174
374 695 509 351
433 436 421 586
433 437 434 432
584 623 418 59
604 703 462 168
509 695 207 443
