45
640 0.0 0.0 10.0
577 0.0 0.0 10.0
226 0.0 0.0 10.0
224 0.0 0.0 10.0
200 0.0 0.0 10.0
199 0.0 0.0 10.0
680 0.0 0.0 10.0
633 0.0 0.0 10.0
453 0.0 0.0 10.0
504 0.0 0.0 10.0
591 0.0 0.0 10.0
615 0.0 0.0 10.0
678 0.0 0.0 10.0
649 0.0 0.0 10.0
717 0.0 0.0 10.0
697 0.0 0.0 10.0
696 0.0 0.0 10.0
735 0.0 0.0 10.0
722 0.0 0.0 10.0
723 0.0 0.0 10.0
578 0.0 0.0 10.0
579 0.0 0.0 10.0
620 0.0 0.0 10.0
175 0.0 0.0 10.0
201 0.0 0.0 10.0
626 0.0 0.0 10.0
635 0.0 0.0 10.0
454 0.0 0.0 10.0
455 0.0 0.0 10.0
485 0.0 0.0 10.0
613 0.0 0.0 10.0
650 0.0 0.0 10.0
656 0.0 0.0 10.0
517 0.0 0.0 10.0
718 0.0 0.0 10.0
698 0.0 0.0 10.0
657 0.0 0.0 10.0
546 0.0 0.0 10.0
639 0.0 0.0 10.0
653 0.0 0.0 10.0
503 0.0 0.0 10.0
502 0.0 0.0 10.0
526 0.0 0.0 10.0
711 0.0 0.0 10.0
638 0.0 0.0 10.0
