740
0.694791 0.130463 2.67515
0.225712 0.71149 2.70322
0.347303 0.209756 2.0606
0.263615 -0.0874338 2.60622
-0.573873 0.370494 2.38629
-0.244612 0.0245577 2.97037
-0.594811 -0.425003 2.47414
-0.0935819 -0.758035 2.9785
-0.200494 -0.185798 1.97956
0.104183 -0.747625 2.35055
0.604534 -0.413019 2.31248
1.08379 -0.0844404 2.15003
1.1209 -0.736636 1.77837
0.72664 -0.011606 1.75606
0.968191 -0.35486 3.17974
0.266057 -0.112779 3.23609
1.50654 -0.263447 2.48711
1.24273 -0.723289 2.58531
0.606529 -0.864414 2.43427
0.207739 0.643877 3.30027
-0.986264 -0.872657 2.13769
-0.747426 -0.413591 1.48463
-0.972097 -0.0203838 2.1093
-0.443461 -0.691782 1.9511
0.399686 -0.63701 1.7221
-0.651919 -1.27156 2.56372
-0.617297 -1.37894 2.04011
0.109326 -1.38663 1.98402
-0.144554 -1.35474 2.486
-0.946004 0.382743 -2.84653
-0.542912 -0.213622 -2.49329
-0.393139 0.0538712 -2.94859
-0.19885 0.271648 -2.29471
-0.330074 0.754352 -2.57871
-1.20306 0.633643 -2.30496
-0.550916 0.638839 -2.00004
0.0114918 0.03363 -1.58621
-0.727178 0.100204 -1.94732
-0.198238 -0.262245 -2.10802
1.35687 0.382114 -2.38356
0.473969 0.266599 -2.20996
0.865024 0.994976 -2.4312
0.449942 0.603803 -2.60875
0.167619 0.500254 -2.98977
0.905056 0.528284 -3.01873
0.460242 -0.0694602 -3.0767
0.40519 0.951767 -3.09234
0.852914 0.109146 -2.62511
0.0374554 1.46975 -2.66085
0.802641 0.559414 -3.48241
0.967043 -0.128033 -3.38609
0.329633 0.297896 -3.72017
0.183769 0.957993 -3.55798
-0.182807 0.232551 -3.62832
-0.209786 0.787909 -4.07758
0.0289386 0.468602 -4.53742
0.0570483 -0.0587407 -4.09489
0.744078 0.124335 -3.99175
0.0680859 -0.302104 -3.52473
0.477192 0.233558 -4.52208
0.253089 -0.1093 1.30487
-0.0968805 -0.69125 1.42846
-0.432684 0.0526357 1.15023
-0.864814 -0.396795 0.829579
-0.650254 0.294086 0.416758
-0.122562 -0.0142581 0.670731
-0.40338 -0.861227 0.970655
-0.998596 0.391814 1.17877
-0.73732 0.118643 1.62038
1.42315 -0.513016 -2.92054
0.596692 -0.806694 -3.35643
1.13682 -1.01387 -2.91774
0.756014 -0.428452 -2.74998
1.01491 -0.990726 -2.27668
1.46083 -0.2004 -2.39642
0.794215 -0.286883 -2.20462
-0.0926429 -0.417303 4.55884
0.160689 -0.959442 4.56322
-0.320628 -0.906835 3.979
0.220271 -0.428342 4.0618
0.657557 -0.817902 4.54725
0.22686 -1.06367 3.98269
-0.106956 -0.0334144 3.90676
0.324916 0.393636 4.0815
0.271692 -0.617279 3.58797
0.85072 -0.758022 3.91835
0.4144 -0.0773168 4.55215
-0.0129845 -0.5932 0.487003
0.0952726 -1.19842 0.392217
-0.634305 -0.707705 0.240186
-0.387203 -0.788609 -0.256454
-1.14085 -0.766761 -0.0587396
-0.625113 -0.175689 0.171015
-0.917635 -0.333542 -0.291646
0.347335 1.96961 3.71613
-0.0133086 1.99996 3.05396
0.684073 1.87937 3.0742
0.467345 1.39455 3.604
0.495202 -1.13161 3.02673
1.18762 -1.0211 2.87645
0.930811 -1.08312 3.48626
1.52653 -0.166804 3.44314
1.40183 0.0764182 3.00152
0.844865 0.208392 3.58707
1.29628 -0.730428 3.55034
0.951165 -0.27334 3.96627
0.130593 -0.158829 -2.50823
0.155054 0.816771 -2.21519
-0.238319 0.813559 -2.96773
-0.68404 -1.87939 4.35807
1.22465e-16 -2 4.35807
-0.347296 -1.96962 3.71614
-0.290656 -1.52094 4.1291
-0.531415 -0.765332 -2.91605
0.645083 -0.343367 0.894605
0.285801 0.369213 0.751075
0.604324 0.471284 1.18163
2 -8.7523e-06 2.43227
1.96962 0.347283 1.79034
1.96961 -0.347305 1.79034
1.32603 0.185707 1.78959
-0.186322 0.647444 1.55137
0.789764 0.184241 0.651123
0.669452 0.248868 -0.105563
0.610872 0.735567 0.398906
0.0947914 1.19858 0.39238
0.0948764 0.598697 0.194897
-0.27403 0.777508 2.98488
-1.56743 1.24224 3.68285
-1.60946 1.18728 2.87269
-1.20732 1.59448 3.17915
-1.28061 0.757735 3.49986
-0.034822 1.48681 2.87045
0.53842 1.31696 2.9201
0.807103 0.440489 3.07938
0.124244 0.827152 2.14806
0.431994 0.628932 1.69522
0.559339 1.31241 0.591102
0.49695 -0.612833 0.295415
0.500059 -0.913823 1.03804
0.336331 0.563186 -1.67244
1.20541 0.706587 -1.91459
0.684029 1.20683 -1.83402
-1.49312 0.0188008 2.49064
-1.40604 -0.50169 2.0448
-1.32263 -0.452752 2.65743
0.900744 0.174749 -1.95334
0.691626 -0.50312 -1.68041
0.33314 -0.626238 -2.27001
-0.371524 0.654249 -1.00357
0.120692 -0.377489 -1.17792
0.353868 0.33357 -1.02901
0.791206 0.0316122 -1.19249
0.347053 0.0303232 -0.597428
0.0305666 0.81771 -0.518206
-0.192472 0.0625401 -0.595159
-0.0749746 0.879135 -1.5601
1.06096 0.127354 4.54181
1.44799 0.75186 4.60542
1.4512 0.52692 4.10155
0.929119 0.547844 4.06884
0.321918 0.943445 4.02332
1.31235 0.749814 3.55679
1.51 0.26515 3.52141
0.96328 1.12646 3.53381
1.19478 0.984257 4.10395
-0.533032 -0.33643 -4.01539
-0.786084 0.060553 -3.48858
-1.30225 -0.485404 -3.68445
-0.726426 -0.679411 -3.37254
-1.45309 0.462446 -3.60207
-1.13237 0.941406 -3.31625
-0.892929 0.281444 -4.07768
-0.609693 0.838868 -3.50247
-1.53864 0.143054 -3.91909
6.93889e-05 1.39326 5
0.328477 0.934274 4.57093
-0.151918 1.10055 4.57876
0.208841 1.4952 4.0922
-0.347248 1.96962 3.71613
-0.67419 1.88294 3.06477
-0.491074 1.44287 3.43979
-0.553868 1.4356 4.13565
-0.938952 1.26228 4.628
-0.365512 1.62925 4.64695
0.0730171 0.441872 4.55519
-1.00809 -1.04512 1.38569
-0.447266 -1.27695 1.44011
0.0652994 -1.33449 -1.11536
-0.284584 -0.578554 -1.52981
-0.594436 -1.14788 -1.45877
-0.351937 -0.641799 -0.92291
-1.00445 -0.724238 -0.694815
-1.02916 -0.874322 -1.38206
-0.594569 -1.14709 -0.714108
0.144184 -0.266982 -0.180767
0.652376 -0.679604 -0.957302
-0.736143 0.094502 -0.592812
-0.231598 0.559014 0.853188
-0.999949 1.73208 5
-0.347248 1.96962 5
-0.455343 1.2514 5
1.28559 1.53207 3.0742
1.00003 1.73204 2.43227
1.5321 1.28556 2.43227
1.07313 1.05943 2.93903
-1.51414 -0.292928 -0.623069
-0.502754 1.93578 2.33508
-1.38079 0.0114873 0.0073595
-1.0194 0.44735 -0.0615236
-0.741681 0.222377 -1.20073
1.36625 -0.193981 -1.69893
1.96961 0.347305 -1.79034
1.4531 0.30443 -1.14675
-1.05899 1.11855 -1.82149
-0.604741 1.13413 -1.38946
-1.11832 1.04198 -1.0139
-1.30139 0.681992 -1.30576
0.15546 1.4248 -1.02774
0.652745 1.13926 -1.12628
-0.180829 1.45524 -1.79835
-0.500532 0.80874 -0.348901
-1.51597 0.143971 0.498562
-1.41869 -0.622442 0.687799
0.347335 1.96961 5
0.684073 1.87937 4.35807
1.00003 1.73204 5
0.670358 1.39305 4.62075
0.531534 -0.782624 -0.240078
0.88259 -0.00155252 -0.59978
0.55291 0.633916 -0.486403
0.530359 -1.32255 -1.51873
-0.791617 -1.27485 4.12306
-0.543809 -0.788631 4.54285
-0.585303 -0.503793 4.08642
-0.97822 -0.242695 -1.28499
-0.596166 -1.90908 1.45657
-0.0336619 -1.99972 1.80292
0.0648054 -1.99895 1.11422
0.559619 -1.32847 3.51786
-0.380712 -0.077516 3.5307
-0.186417 -0.728217 3.59952
0.078921 -1.313 3.69131
1.87939 -0.684027 -2.43227
1.01907 -0.990608 -1.63918
-1.36686 -0.0256218 1.45413
-1.4132 0.507239 1.66447
-0.727361 0.652 1.75674
1.46979 -0.0667187 1.37933
1.38608 -0.414672 0.68531
1.24981 -0.608241 1.22973
0.709511 1.27719 2.14406
1.24816 1.56272 1.74493
1.19583 0.931639 2.46775
1.73206 0.999984 1.79034
1.0572 0.955492 1.69823
1.73206 0.999987 3.0742
1.87939 0.684027 2.43227
1.42898 0.314686 2.4673
0.806663 0.605388 2.32115
-0.922856 0.873347 2.90784
-1.46992 0.42034 2.85899
-0.872682 -0.178624 2.83417
1.96961 0.3473 -3.07421
2 8.7523e-06 -2.43227
1.39384 0.0931129 -3.02805
-0.730313 -0.651708 3.44772
-0.951989 0.116586 3.35341
4.42745e-05 2 4.35807
-0.758675 0.194374 4.10335
-1.00318 0.377542 3.77743
-1.05272 -0.0847599 3.88951
-0.619488 0.611624 3.55697
-1.24182 -0.821408 3.20209
-1.49955 0.0459942 3.2415
-1.51661 0.265028 3.75168
-1.16051 1.62887 1.07143
-0.594462 1.90961 0.714286
-0.596209 1.90907 1.45645
-0.460773 1.29062 1.49374
-1.17927 -0.890726 4.12636
-0.972805 -0.202196 4.55696
-1.35681 -0.379816 4.59982
-0.388414 -0.00274093 4.53631
-1.61073 1.18555 0.714286
-1.16051 1.62887 0.357143
-1.02687 1.04099 0.630451
-0.379187 0.822102 3.97741
-0.108469 -0.944899 -3.48703
-0.819466 -1.1919 -3.53844
-0.498238 -1.01423 -4.01242
-1.08764 -0.944458 -3.92796
-0.0485693 -1.51445 -3.48143
0.146775 -0.779959 -3.99549
0.149208 -1.46737 -4.05799
-0.657844 -0.765739 -4.58661
0.639601 -1.89497 1.7434
-0.683989 1.8794 4.35807
-0.162403 -1.05324 -4.54684
-0.0148247 -1.99995 3.05394
0.4254 -1.40307 2.46836
-0.173132 -1.32807 3.04381
0.00504034 -0.664902 -3.03729
-0.760504 1.32674 -2.97622
-0.985702 0.956287 -2.89721
-0.587339 1.37756 -2.55835
1 -1.73205 2.43228
0.897083 -1.21442 2.05044
1.3378 -0.770406 -3.50165
0.66409 -0.575088 -4.02254
0.572183 -1.39631 -3.51315
0.985707 -1.16389 -3.53008
0.450417 -1.04766 -3.04832
-0.0310524 1.07519 3.61615
1.12075 1.0327 -2.96662
-0.221402 -0.991276 -2.21383
0.0954809 -1.99772 0.392062
0.143888 -1.29523 1.03812
-0.462938 -1.43137 0.924607
-1.16051 -1.62887 1.07143
1.4869 1.33759 1.14699
0.780637 1.84136 0.98663
1.20555 1.59582 0.558849
0.828238 1.1206 1.20527
0.715459 0.688066 -3.9533
1.46227 0.226861 -3.52995
1.45684 0.449099 -4.06776
0.347296 1.96962 -5
1.64512e-06 1.39241 -5
0.457285 1.25668 -5
0.631816 1.40892 -4.58703
0.979935 1.12472 -3.5263
-1.00598 -1.07955 -2.17113
-0.262781 -1.44905 -2.5902
-1.49173 -0.120909 -2.49162
-1.28442 -0.670143 -2.4152
-1.07858 -0.966013 -2.70586
-0.885269 -0.164869 -2.87619
-1.06744 -0.9349 2.74415
-0.922849 -1.1408 3.73564
-0.714772 -1.26005 3.10432
-0.483291 -1.40313 3.58644
-1.40722 -0.548748 3.61313
1.38712 -0.641248 -1.24505
0.909279 -1.21404 -1.10672
1.15863 -1.02144 -0.441053
0.650519 -1.30062 -0.519237
0.0950283 -1.19932 -0.395726
1.14489 1.01066 0.75261
0.335098 1.31655 -0.0445963
1.29031 0.682089 0.197491
-1.04938 1.02409 2.02053
-1.3502 0.778305 2.41393
-2 -2.44929e-16 1.42857
-1.90019 0.623912 1.78571
-2 -2.44929e-16 2.14286
1.73205 -1 3.07421
1.87938 -0.684044 2.43228
1.53209 -1.28558 2.43228
1.38359 -0.491801 -0.448003
-0.760023 -0.513166 -1.94736
-2 -2.44929e-16 -0.714286
-1.38479 0.15621 -1.39015
-1.47043 -0.399753 -1.29403
-2 -2.44929e-16 -1.42857
-1.61073 -1.18555 -1.42857
-1.61073 -1.18555 -0.714286
-1.90019 0.623912 -1.78571
-1.2671 0.46081 -1.78299
1.87939 0.684023 1.14841
1.24357 0.711962 1.13856
-0.63225 1.19536 3.05488
0.486572 -1.33747 1.68443
-1.61073 1.18555 1.42857
-1.61073 1.18555 2.14286
-1.61073 1.18555 0
-1.16051 1.62887 -0.357143
-0.724328 1.37438 -0.375694
0.804823 -0.597208 -4.483
1.01337 0.010881 -4.54234
0.726175 -1.34208 -4.04752
0.0964425 -0.417194 -4.53586
1.45731 -0.518376 -4.10214
0.293739 -0.899077 -4.57714
1.52809 0.000458928 4.06909
0.754371 0.661851 4.56796
1.4622 -0.424723 4.00629
1.37036 -0.691964 4.58848
-0.594462 1.90961 -3.55271e-15
-0.184041 1.43929 0.0515225
-1.16051 1.62887 -2.5
-1.61073 1.18555 -2.85714
-1.61073 1.18555 -2.14286
-1.90019 0.623912 -2.5
-2 -2.44929e-16 -2.14286
-1.47662 0.515531 -2.87357
-1.16051 1.62887 -1.07143
-0.588006 1.91161 -1.46738
-0.281973 1.41468 -0.671826
-0.594462 -1.90961 0
0.0949103 -1.99775 -0.395402
-0.594462 -1.90961 -0.714286
-0.111113 -1.48981 -0.00366086
-1.137 1.64537 -1.80858
-1.34875 -0.382938 -1.78613
-0.663711 0.835448 4.56178
-1.39175 0.519595 4.41772
-1.16051 -1.62887 -0.357143
-1.16051 -1.62887 -1.07143
-0.920216 0.411613 4.56828
-1.11328 1.0539 4.0734
0.68404 -1.87939 3.07421
0.748426 1.85469 0.00227564
0.872447 1.18993 0.0261074
0.0953248 1.99773 -0.396998
0.0949006 1.99775 0.392238
0.407347 0.906408 -4.55243
0.7505 1.27378 -4.01853
0.0581938 -0.0021966 -5
-0.398525 0.016439 -4.54593
-0.445953 1.37348 -3.67199
-0.78132 1.10784 -4.35863
-0.423722 1.51927 -4.25416
0.166749 1.53189 -4.1546
0.0648391 1.33269 1.11425
1.23767 -0.598076 0.0475555
-1.90019 -0.623912 0.357143
-1.90019 -0.623912 1.07143
-1.61073 -1.18555 0.714286
1.555 0.0474589 0.00235907
1.18178 -1.0037 0.61144
-1.19407 0.798101 -4.14745
-0.95206 1.27474 -3.9957
-1.30085 1.51914 -4.33609
-1.59502 1.20662 -3.63329
-1.76434 0.941861 -4.36291
-0.68404 1.87939 -4.35807
-1.00617 1.72847 -3.73375
-2 -2.44929e-16 4.28571
-1.89473 0.640319 3.22525
-2 -2.44929e-16 3.57143
-1.61073 1.18555 -1.42857
0.432073 1.2576 1.69557
-0.672208 1.26409 2.24317
0.735966 -1.36187 4.08331
2 1.31361e-05 -1.14841
1.96962 -0.347279 -0.506477
1.96961 0.347309 -0.50648
1.53124 -0.151834 -0.836057
0.222747 -1.53617 4.10423
1.28558 -1.53209 3.07421
0.0153862 1.43775 2.30439
-0.594462 1.90961 -0.714286
-2 2.44929e-16 5
-1.36466 0.241968 5
-1.3437 -0.237389 5
-0.68404 -1.87939 3.07421
0.925034 -1.18232 1.26618
0.0344467 -1.36915 -3.01355
-1.52387 0.0180466 -3.28818
-1.35376 -0.647249 -3.13463
-0.679512 -1.38036 -3.17989
-1.59395 -1.20802 -3.63009
-1.90825 -0.598831 3.89948
-1.14097 -1.64262 1.80436
-0.50244 -1.93586 2.33622
-0.50243 -1.93586 -2.33618
-0.0336362 -1.99972 -1.80292
0.32168 -1.97396 -2.42773
1.43336 0.466314 -0.426521
-0.595282 -1.52769 -1.08542
0.68404 1.87939 -3.07421
-0.0141743 1.99995 -3.05423
-0.0252669 1.34599 -3.05682
1.72562 -1.01105 -0.535551
1.86818 -0.714085 0.0569349
-1.14097 -1.64261 -1.80404
0.0647765 -1.99895 -1.11365
-0.596089 -1.9091 -1.45652
-0.212443 -1.41056 -1.80369
-1.29731 0.686628 -0.67257
0.593084 1.27556 -0.493618
-0.615531 0.93993 0.315631
-1.4732 0.303953 -0.704696
-1.90019 0.623912 -0.357143
-1.14912 -0.66347 5
1.73205 1 -4.35807
1.87939 0.68404 -3.71614
1.53209 1.28558 -3.71614
1.17299 0.976118 -4.06905
-0.330712 1.19075 0.76603
1.25028 1.56102 -1.74385
1.49447 1.32912 -1.13783
1.04577 0.829244 -1.12695
1.21657 1.58744 -0.54711
0.64976 1.89151 -1.74477
0.877352 -1.16664 0.0587915
1.55932 0.00414224 -4.13136
0.875329 0.612281 -4.58706
0.749288 -1.85434 -0.00303146
0.781842 -1.84085 -0.986261
0.542084 1.44879 -3.47787
0.00372465 0.718927 5
-0.464699 0.530684 5
-1.87939 -0.68404 5
-1.62176 -1.17043 -2.85054
-1.61073 -1.18555 -2.14286
-1.90019 -0.623912 -1.78571
-2 -2.44929e-16 0
-1.16051 1.62887 2.5
-1.90019 0.623912 -1.07143
-1.61073 1.18555 -0.714286
-0.707848 -0.0431387 -5
-1.05187 0.130546 -4.62337
-0.848188 -0.376047 -4.49968
1.73205 -1 1.79035
1.24823 -1.56267 1.74463
1.64512e-06 -1.39241 5
-1.15657 -1.63167 2.49456
-2 -2.44929e-16 2.85714
-1.90019 0.623912 2.5
0.656286 -1.2993 0.512044
-1.06017 1.00257 1.26942
1.31678 0.76083 -3.51527
0.321657 1.97396 2.42764
1.18657 -0.99345 4.10964
0.496331 0.519804 5
-1.90019 0.623912 1.07143
-0.683989 -1.8794 -3.0742
-0.0147852 -1.99995 -3.05393
1.18167 -0.987587 -4.09527
0.297393 -1.3847 -2.29156
1.48746 -1.33696 1.14543
1.87938 -0.684048 1.14841
1.70526 -1.04504 0.552585
0.684073 -1.87937 -4.35807
0.347335 -1.96961 -3.71613
1.00003 -1.73204 -3.71613
-0.455343 -1.2514 -5
0.00372465 -0.718927 -5
-0.464699 -0.530684 -5
0.455545 -1.25132 -5
6.93889e-05 -1.39326 -5
0.657964 -1.47316 -4.58209
-1.15652 -1.6317 -2.49401
1.00003 -1.73204 -2.43227
0.47325 -0.551876 5
0.347296 -1.96962 3.71614
1.00003 1.73204 3.71613
0.782929 -1.84039 0.983506
1.21657 -1.58744 0.547107
1.87938 0.684048 -1.14841
-1.90019 -0.623912 3.21429
-1.59403 -1.20792 3.63036
-1.62176 -1.17043 2.85224
1.87939 -0.684031 -5
1.5321 -1.28556 -5
1.73206 -0.999987 -4.35807
1.44283 -0.673351 -4.60554
-0.347248 -1.96962 -3.71613
-0.63381 -1.3845 -4.19669
-1.61073 -1.18555 2.14286
0.321648 -1.97397 2.42774
1.87939 -0.684023 -1.14841
1.28559 -1.53207 -4.35807
1.23341 0.92049 -0.479955
-1.90019 -0.623912 1.78571
-1.90019 -0.623912 2.5
-0.643459 -1.22959 0.307437
-1.38822 -0.509108 1.27774
-1.16051 -1.62887 0.357143
-1.00338 -1.01548 0.698917
-0.597179 0.782208 -4.52137
1.49059 -0.260804 -3.55667
-1.32155 -0.49833 -4.44874
1 1.73205 -2.43228
0.331195 1.97239 -2.43471
1.5321 1.28556 5
1.14912 0.663461 5
0.895369 1.06821 5
1.73205 1 -3.07421
-0.0928591 1.03201 -4.58418
1.40356 0.288705 0.708066
1.35027 -0.240336 -5
0.7347 0.046306 -5
-1.14912 0.66347 -5
-0.687106 1.362 -4.66533
-0.891843 1.0637 -5
1.28558 1.53209 -4.35807
0.897017 1.06898 -5
-1.76418 -0.942164 4.36248
-1.53209 -1.28558 5
-1.30025 -1.51965 4.33475
0.733051 1.33749 4.02808
-0.00625389 0.719845 -5
-1.00718 -1.72789 3.7146
-0.455525 1.25133 -5
-0.480843 0.502348 -5
-0.585257 -1.46741 4.62
-1.36466 -0.241968 -5
-1.39878 0.309584 -4.49666
-1.87936 -0.684114 -5
-1.15319 -0.66596 -5
-2 -2.44929e-16 -4.28571
-1.90824 -0.59885 -3.8994
-1.24851 -1.56244 -3.12042
0.684073 -1.87937 -3.0742
1.28559 -1.53207 -3.0742
1.96961 -0.3473 3.07421
1.45091 -0.526697 3.17885
1.87939 0.684031 3.71613
1.96962 0.347287 3.0742
1.7279 1.00715 -0.512474
-0.891843 -1.0637 5
1 -1.73205 3.71614
-1 -1.73205 5
1.53209 -1.28558 3.71614
0.68404 -1.87939 4.35807
1.87939 -0.68404 3.71614
0.0645946 1.99896 1.11428
0.455545 1.25132 5
-2 -2.44929e-16 -2.85714
-1.90019 0.623912 -3.21429
0.47325 0.551876 -5
1.89882e-15 2 -4.35807
0.68404 1.87939 -4.35807
-0.893392 1.06513 5
1.5321 -1.28556 -3.71613
2 4.39883e-06 -3.71614
-0.995693 1.73453 3.73587
0.895369 -1.06821 -5
1.14912 -0.663461 -5
1.96962 -0.347292 -4.35807
-1.87936 0.684114 5
-1.76427 0.941991 4.37473
-1.15319 0.66596 5
1.28559 1.53207 4.35807
1.73206 0.999987 4.35807
0.0581938 0.0021966 5
-0.480843 -0.502348 5
1.87939 0.684031 5
-1.33487 0.629903 0.274786
-1.21576 1.58806 -3.18207
1.96828 -0.354767 0.57382
1.96887 0.351507 0.574501
1.86925 0.711264 0.0645598
-0.0336362 1.99972 1.80292
0.63953 1.89499 1.74378
1.5321 1.28556 3.71613
0.347296 -1.96962 5
0.457285 -1.25668 5
0.63597 -1.41421 4.66118
1.73206 -0.999987 -3.0742
-0.707848 0.0431387 5
1.45553 -1.37166 -0.0303924
0.496331 -0.519804 -5
-0.455525 -1.25133 5
-0.00625389 -0.719845 5
2 -4.39883e-06 3.71614
1.87938 0.684044 -2.43228
-1.90385 0.612661 3.90505
-1.90835 0.598506 -3.89965
-2 -2.44929e-16 -5
-1.87939 0.68404 -5
-1.3437 0.237389 -5
0.347335 -1.96961 -5
1.00003 -1.73204 -5
1.45541 1.37179 0.0405673
1.71095 1.03569 0.569992
1.87939 -0.684031 -3.71613
-0.347296 1.96962 -3.71614
4.42745e-05 -2 -4.35807
-0.683989 -1.8794 -4.35807
-0.387232 -1.49032 -4.59942
-1.90019 -0.623912 -0.357143
-1.90019 0.623912 0.357143
-1.90019 -0.623912 -1.07143
-1.24841 -1.56252 3.12061
-0.347296 -1.96962 5
-2 -2.44929e-16 0.714286
-1.53204 1.28563 5
2 -1.31361e-05 1.14841
-0.347296 1.96962 -5
1.73206 -0.999984 -1.79034
1.24846 -1.56248 -1.74435
-1.61073 -1.18555 0
1.5321 -1.28556 -2.43227
1.21075 -1.59188 -0.557005
1.96962 -0.347287 -3.0742
-1.00712 -1.72792 -3.71456
1 1.73205 -3.71614
1.49341 -1.33031 -1.14148
-0.502647 1.93581 -2.33606
0.0059315 1.99999 -1.84078
0.0670373 1.99888 -1.12335
-1.14099 1.6426 1.80497
1.87939 -0.68404 5
1.53209 -1.28558 5
1.14912 -0.66347 5
1.73205 1 -1.79035
-2 -2.44929e-16 -3.57143
-1.53209 1.28558 -5
1 1.73205 -5
-1.90019 -0.623912 -3.21429
-1 1.73205 -5
-0.679176 1.88115 -3.06925
-0.347248 -1.96962 -5
-0.594462 -1.90961 0.714286
1.96962 -0.347296 4.35807
1.73205 -1 4.35807
1.28558 -1.53209 4.35807
0.7347 -0.046306 5
1.28558 1.53209 -3.07421
-1.90019 -0.623912 -2.5
1.14912 0.66347 -5
0.639503 -1.895 -1.74365
-1.29866 -1.52101 -4.3347
1 -1.73205 5
0.897017 -1.06898 5
-0.999949 -1.73208 -5
-1.61073 -1.18555 1.42857
1.96962 0.347292 4.35807
1.35027 0.240336 5
1.37008 -0.242991 5
1.53209 1.28558 -2.43228
-0.893392 -1.06513 -5
1.96962 -0.347283 -1.79034
0.783849 1.83999 -0.984038
2 0 -5
1.96962 0.347296 -4.35807
1.53209 1.28558 -5
0.347296 1.96962 -3.71614
1.87939 0.68404 -5
1.37008 0.242991 -5
1.40757 0.643594 -4.63747
2 0 5
-1.28553 1.53213 4.35807
-1.53204 -1.28563 -5
2 0.000549051 0.0638989
-1.76418 -0.942166 -4.36246
