-6 7.19853e+07
-5.9397 7.19853e+07
-5.8794 7.19853e+07
-5.8191 7.19853e+07
-5.75879 7.19853e+07
-5.69849 7.19853e+07
-5.63819 7.19853e+07
-5.57789 7.19853e+07
-5.51759 7.19853e+07
-5.45729 7.19853e+07
-5.39699 7.19853e+07
-5.33669 7.19853e+07
-5.27638 7.19853e+07
-5.21608 7.19853e+07
-5.15578 7.19853e+07
-5.09548 7.19853e+07
-5.03518 7.19853e+07
-4.97488 7.19853e+07
-4.91458 7.19853e+07
-4.85428 7.19853e+07
-4.79397 7.19853e+07
-4.73367 7.19853e+07
-4.67337 7.19853e+07
-4.61307 3.61615e+06
-4.55277 3.61615e+06
-4.49247 3.61615e+06
-4.43217 3.61615e+06
-4.37186 4.97133e+07
-4.31156 4.97133e+07
-4.25126 4.97133e+07
-4.19096 4.97133e+07
-4.13066 4.97133e+07
-4.07036 4.97133e+07
-4.01006 4.97133e+07
-3.94976 4.97133e+07
-3.88945 4.97133e+07
-3.82915 4.97133e+07
-3.76885 4.97133e+07
-3.70855 4.97133e+07
-3.64825 4.97133e+07
-3.58795 4.97133e+07
-3.52764 4.97133e+07
-3.46734 4.97133e+07
-3.40704 4.97133e+07
-3.34674 4.97133e+07
-3.28644 4.97133e+07
-3.22614 4.97133e+07
-3.16584 4.97133e+07
-3.10553 4.97133e+07
-3.04523 4.97133e+07
-2.98493 4.97133e+07
-2.92463 4.97133e+07
-2.86433 3.70312e+07
-2.80403 3.6256e+07
-2.74372 3.6256e+07
-2.68342 3.6256e+07
-2.62312 3.6256e+07
-2.56282 3.6256e+07
-2.50252 3.6256e+07
-2.44222 3.6256e+07
-2.38192 3.6256e+07
-2.32161 3.6256e+07
-2.26131 3.6256e+07
-2.20101 3.6256e+07
-2.14071 3.6256e+07
-2.08041 3.6256e+07
-2.02011 3.6256e+07
-1.9598 3.6256e+07
-1.8995 3.6256e+07
-1.8392 3.6256e+07
-1.7789 3.6256e+07
-1.7186 3.6256e+07
-1.6583 3.6256e+07
-1.598 2.8264e+07
-1.53769 2.8264e+07
-1.47739 2.8264e+07
-1.41709 2.8264e+07
-1.35679 5.2593e+07
-1.29649 5.2593e+07
-1.23619 5.2593e+07
-1.17588 5.2593e+07
-1.11558 5.2593e+07
-1.05528 5.2593e+07
-0.99498 5.2593e+07
-0.934678 5.2593e+07
-0.874377 5.2593e+07
-0.814075 3.39865e+07
-0.753774 3.39865e+07
-0.693473 3.39865e+07
-0.633171 3.39865e+07
-0.57287 3.39865e+07
-0.512568 3.39865e+07
-0.452267 3.39865e+07
-0.391965 3.39865e+07
-0.331664 7.36797e+07
-0.271362 7.36797e+07
-0.21106 7.36797e+07
-0.150759 7.36797e+07
-0.0904575 7.36797e+07
-0.030156 7.36797e+07
0.0301455 7.36797e+07
0.0904471 7.36797e+07
0.150749 7.36797e+07
0.21105 7.36797e+07
0.271352 7.36797e+07
0.331653 7.36797e+07
0.391955 3.33575e+07
0.452256 3.33575e+07
0.512558 3.33575e+07
0.572859 3.33575e+07
0.633161 3.33575e+07
0.693462 3.33575e+07
0.753764 3.33575e+07
0.814065 3.33575e+07
0.874367 5.27916e+07
0.934668 5.27916e+07
0.994969 5.27916e+07
1.05527 5.27916e+07
1.11557 5.27916e+07
1.17587 5.27916e+07
1.23618 5.27916e+07
1.29648 5.27916e+07
1.35678 5.27916e+07
1.41708 2.87134e+07
1.47738 2.87134e+07
1.53768 2.87134e+07
1.59798 2.87134e+07
1.65829 3.36739e+07
1.71859 3.36739e+07
1.77889 3.36739e+07
1.83919 3.36739e+07
1.89949 3.36739e+07
1.95979 3.36739e+07
2.0201 3.36739e+07
2.0804 3.36739e+07
2.1407 3.36739e+07
2.201 3.36739e+07
2.2613 3.36739e+07
2.3216 3.36739e+07
2.3819 3.36739e+07
2.44221 3.36739e+07
2.50251 3.36739e+07
2.56281 3.36739e+07
2.62311 3.36739e+07
2.68341 3.36739e+07
2.74371 3.36739e+07
2.80402 3.36739e+07
2.86432 4.17211e+07
2.92462 4.17211e+07
2.98492 4.17211e+07
3.04522 4.17211e+07
3.10552 4.17211e+07
3.16582 4.17211e+07
3.22613 4.17211e+07
3.28643 4.17211e+07
3.34673 4.17211e+07
3.40703 4.17211e+07
3.46733 4.17211e+07
3.52763 4.17211e+07
3.58794 4.17211e+07
3.64824 4.17211e+07
3.70854 4.17211e+07
3.76884 4.17211e+07
3.82914 4.17211e+07
3.88944 4.17211e+07
3.94974 4.17211e+07
4.01005 4.17211e+07
4.07035 4.17211e+07
4.13065 4.17211e+07
4.19095 4.17211e+07
4.25125 4.17211e+07
4.31155 4.17211e+07
4.37185 1.12359e+08
4.43216 1.12359e+08
4.49246 5.9025e+07
4.55276 5.9025e+07
4.61306 5.9025e+07
4.67336 5.9025e+07
4.73366 5.9025e+07
4.79396 5.9025e+07
4.85426 5.9025e+07
4.91457 5.9025e+07
4.97487 5.9025e+07
5.03517 5.9025e+07
5.09547 5.9025e+07
5.15577 5.9025e+07
5.21607 5.9025e+07
5.27637 5.9025e+07
5.33668 5.9025e+07
5.39698 5.9025e+07
5.45728 5.9025e+07
5.51758 5.9025e+07
5.57788 5.9025e+07
5.63818 5.9025e+07
5.69848 5.9025e+07
5.75878 5.9025e+07
5.81909 5.9025e+07
5.87939 5.9025e+07
5.93969 5.9025e+07
5.99999 5.9025e+07
