-6 5.9678e+07
-5.9397 5.9678e+07
-5.8794 5.9678e+07
-5.8191 5.9678e+07
-5.75879 5.9678e+07
-5.69849 5.9678e+07
-5.63819 5.9678e+07
-5.57789 5.9678e+07
-5.51759 5.9678e+07
-5.45729 5.9678e+07
-5.39699 5.9678e+07
-5.33669 5.9678e+07
-5.27638 5.9678e+07
-5.21608 5.9678e+07
-5.15578 5.9678e+07
-5.09548 5.9678e+07
-5.03518 1.47352e+08
-4.97488 1.47352e+08
-4.91458 6.35246e+07
-4.85428 5.66983e+07
-4.79397 5.66983e+07
-4.73367 5.66983e+07
-4.67337 5.66983e+07
-4.61307 5.66983e+07
-4.55277 5.66983e+07
-4.49247 5.66983e+07
-4.43217 5.66983e+07
-4.37186 5.66983e+07
-4.31156 5.66983e+07
-4.25126 5.66983e+07
-4.19096 5.66983e+07
-4.13066 5.66983e+07
-4.07036 5.66983e+07
-4.01006 5.66983e+07
-3.94976 5.66983e+07
-3.88945 5.66983e+07
-3.82915 5.66983e+07
-3.76885 5.66983e+07
-3.70855 4.53841e+07
-3.64825 4.53841e+07
-3.58795 4.53841e+07
-3.52764 4.53841e+07
-3.46734 4.53841e+07
-3.40704 4.53841e+07
-3.34674 4.53841e+07
-3.28644 4.53841e+07
-3.22614 4.53841e+07
-3.16584 3.47015e+07
-3.10553 3.47015e+07
-3.04523 3.47015e+07
-2.98493 3.47015e+07
-2.92463 3.47015e+07
-2.86433 3.47015e+07
-2.80403 3.47015e+07
-2.74372 3.47015e+07
-2.68342 3.73942e+07
-2.62312 3.73942e+07
-2.56282 3.73942e+07
-2.50252 3.73942e+07
-2.44222 3.73942e+07
-2.38192 3.73942e+07
-2.32161 3.73942e+07
-2.26131 3.73942e+07
-2.20101 3.73942e+07
-2.14071 3.73942e+07
-2.08041 3.73942e+07
-2.02011 3.73942e+07
-1.9598 2.67686e+07
-1.8995 3.69761e+07
-1.8392 3.4945e+07
-1.7789 3.4945e+07
-1.7186 3.4945e+07
-1.6583 3.4945e+07
-1.598 3.4945e+07
-1.53769 3.4945e+07
-1.47739 3.4945e+07
-1.41709 3.4945e+07
-1.35679 4.26382e+07
-1.29649 4.26382e+07
-1.23619 4.26382e+07
-1.17588 4.26382e+07
-1.11558 4.26382e+07
-1.05528 4.26382e+07
-0.99498 3.60494e+07
-0.934678 4.00944e+07
-0.874377 4.00944e+07
-0.814075 4.00944e+07
-0.753774 4.00944e+07
-0.693473 4.00944e+07
-0.633171 4.00944e+07
-0.57287 7.10662e+07
-0.512568 7.10662e+07
-0.452267 7.10662e+07
-0.391965 4.53655e+07
-0.331664 4.53655e+07
-0.271362 4.53655e+07
-0.21106 7.48786e+07
-0.150759 7.48786e+07
-0.0904575 7.48786e+07
-0.030156 7.48786e+07
0.0301455 4.38147e+07
0.0904471 4.38147e+07
0.150749 4.38147e+07
0.21105 7.35123e+07
0.271352 7.35123e+07
0.331653 7.35123e+07
0.391955 7.35123e+07
0.452256 4.20958e+07
0.512558 4.20958e+07
0.572859 4.20958e+07
0.633161 4.20958e+07
0.693462 6.66851e+07
0.753764 6.66851e+07
0.814065 3.98917e+07
0.874367 3.98917e+07
0.934668 3.98917e+07
0.994969 4.26838e+07
1.05527 4.26838e+07
1.11557 4.26838e+07
1.17587 4.26838e+07
1.23618 4.26838e+07
1.29648 3.6071e+07
1.35678 3.6071e+07
1.41708 3.6071e+07
1.47738 3.6071e+07
1.53768 3.6071e+07
1.59798 3.6071e+07
1.65829 3.6071e+07
1.71859 3.6071e+07
1.77889 3.6071e+07
1.83919 3.8087e+07
1.89949 3.45427e+07
1.95979 3.78208e+07
2.0201 3.66136e+07
2.0804 3.66136e+07
2.1407 3.66136e+07
2.201 3.66136e+07
2.2613 3.66136e+07
2.3216 3.66136e+07
2.3819 3.66136e+07
2.44221 3.66136e+07
2.50251 3.66136e+07
2.56281 3.66136e+07
2.62311 3.66136e+07
2.68341 3.66136e+07
2.74371 3.57586e+07
2.80402 3.57586e+07
2.86432 3.57586e+07
2.92462 3.57586e+07
2.98492 3.57586e+07
3.04522 3.57586e+07
3.10552 3.57586e+07
3.16582 3.57586e+07
3.22613 4.33816e+07
3.28643 4.33816e+07
3.34673 4.33816e+07
3.40703 4.33816e+07
3.46733 4.33816e+07
3.52763 4.33816e+07
3.58794 4.33816e+07
3.64824 4.33816e+07
3.70854 5.62754e+07
3.76884 5.62754e+07
3.82914 5.62754e+07
3.88944 5.62754e+07
3.94974 5.62754e+07
4.01005 5.62754e+07
4.07035 5.62754e+07
4.13065 5.62754e+07
4.19095 5.62754e+07
4.25125 5.62754e+07
4.31155 5.62754e+07
4.37185 5.62754e+07
4.43216 5.62754e+07
4.49246 5.62754e+07
4.55276 5.62754e+07
4.61306 5.62754e+07
4.67336 5.62754e+07
4.73366 6.32169e+07
4.79396 6.32169e+07
4.85426 1.41936e+08
4.91457 1.41936e+08
4.97487 5.84599e+07
5.03517 5.84599e+07
5.09547 5.84599e+07
5.15577 5.84599e+07
5.21607 5.84599e+07
5.27637 5.84599e+07
5.33668 5.84599e+07
5.39698 5.84599e+07
5.45728 5.84599e+07
5.51758 5.84599e+07
5.57788 5.84599e+07
5.63818 5.84599e+07
5.69848 5.84599e+07
5.75878 5.84599e+07
5.81909 5.84599e+07
5.87939 5.84599e+07
5.93969 5.84599e+07
5.99999 5.84599e+07
