-6 7.78928e+07
-5.9397 7.78928e+07
-5.8794 7.78928e+07
-5.8191 1.16087e+08
-5.75879 1.16087e+08
-5.69849 1.16087e+08
-5.63819 1.16087e+08
-5.57789 1.16087e+08
-5.51759 1.16087e+08
-5.45729 1.16087e+08
-5.39699 1.16087e+08
-5.33669 1.16087e+08
-5.27638 7.71353e+07
-5.21608 7.71353e+07
-5.15578 7.71353e+07
-5.09548 7.71353e+07
-5.03518 7.71353e+07
-4.97488 7.71353e+07
-4.91458 7.71353e+07
-4.85428 7.71353e+07
-4.79397 7.71353e+07
-4.73367 7.71353e+07
-4.67337 7.71353e+07
-4.61307 8.58613e+07
-4.55277 8.58613e+07
-4.49247 6.7116e+07
-4.43217 6.7116e+07
-4.37186 6.7116e+07
-4.31156 6.7116e+07
-4.25126 6.7116e+07
-4.19096 6.7116e+07
-4.13066 6.7116e+07
-4.07036 6.7116e+07
-4.01006 6.7116e+07
-3.94976 6.7116e+07
-3.88945 6.7116e+07
-3.82915 6.7116e+07
-3.76885 6.7116e+07
-3.70855 3.27246e+07
-3.64825 3.27246e+07
-3.58795 3.27246e+07
-3.52764 4.59857e+07
-3.46734 4.59857e+07
-3.40704 4.59857e+07
-3.34674 4.59857e+07
-3.28644 4.59857e+07
-3.22614 4.59857e+07
-3.16584 4.59857e+07
-3.10553 4.59857e+07
-3.04523 5.33227e+07
-2.98493 5.33227e+07
-2.92463 5.33227e+07
-2.86433 5.33227e+07
-2.80403 5.33227e+07
-2.74372 4.54417e+07
-2.68342 3.93739e+07
-2.62312 3.93739e+07
-2.56282 3.93739e+07
-2.50252 3.86021e+07
-2.44222 3.86021e+07
-2.38192 3.86021e+07
-2.32161 3.86021e+07
-2.26131 3.86021e+07
-2.20101 3.86021e+07
-2.14071 4.04953e+07
-2.08041 4.04953e+07
-2.02011 4.04953e+07
-1.9598 4.04953e+07
-1.8995 4.04953e+07
-1.8392 4.04953e+07
-1.7789 3.76437e+07
-1.7186 3.76437e+07
-1.6583 3.76437e+07
-1.598 4.05119e+07
-1.53769 4.05119e+07
-1.47739 4.05119e+07
-1.41709 4.4765e+07
-1.35679 4.4765e+07
-1.29649 4.29269e+07
-1.23619 4.29269e+07
-1.17588 4.29269e+07
-1.11558 4.29269e+07
-1.05528 4.35935e+07
-0.99498 5.54207e+07
-0.934678 4.47331e+07
-0.874377 4.47331e+07
-0.814075 5.84385e+07
-0.753774 5.84385e+07
-0.693473 5.84385e+07
-0.633171 4.43612e+07
-0.57287 6.21471e+07
-0.512568 5.9221e+07
-0.452267 5.9221e+07
-0.391965 7.94742e+07
-0.331664 6.25206e+07
-0.271362 6.25206e+07
-0.21106 8.10431e+07
-0.150759 6.31017e+07
-0.0904575 6.31017e+07
-0.030156 8.19334e+07
0.0301455 8.19334e+07
0.0904471 6.35638e+07
0.150749 6.35638e+07
0.21105 8.16406e+07
0.271352 6.20181e+07
0.331653 6.20181e+07
0.391955 7.99707e+07
0.452256 5.96256e+07
0.512558 5.96256e+07
0.572859 6.26645e+07
0.633161 4.69601e+07
0.693462 5.93137e+07
0.753764 5.93137e+07
0.814065 5.93137e+07
0.874367 4.42197e+07
0.934668 4.42197e+07
0.994969 5.43717e+07
1.05527 4.16978e+07
1.11557 4.16978e+07
1.17587 4.49259e+07
1.23618 4.49259e+07
1.29648 3.87651e+07
1.35678 3.87651e+07
1.41708 4.49089e+07
1.47738 4.49089e+07
1.53768 4.11119e+07
1.59798 4.11119e+07
1.65829 3.86909e+07
1.71859 3.86909e+07
1.77889 3.86909e+07
1.83919 4.07683e+07
1.89949 4.07683e+07
1.95979 4.07683e+07
2.0201 4.07683e+07
2.0804 4.07683e+07
2.1407 4.07683e+07
2.201 3.85773e+07
2.2613 3.85773e+07
2.3216 3.85773e+07
2.3819 3.85773e+07
2.44221 3.85773e+07
2.50251 3.85773e+07
2.56281 3.96356e+07
2.62311 3.96356e+07
2.68341 3.96356e+07
2.74371 4.74217e+07
2.80402 4.74217e+07
2.86432 4.79308e+07
2.92462 4.79308e+07
2.98492 4.79308e+07
3.04522 4.79308e+07
3.10552 4.79308e+07
3.16582 4.79308e+07
3.22613 4.79308e+07
3.28643 4.79308e+07
3.34673 4.79308e+07
3.40703 4.79308e+07
3.46733 4.52637e+07
3.52763 4.52637e+07
3.58794 4.52637e+07
3.64824 6.31247e+07
3.70854 6.31247e+07
3.76884 6.31247e+07
3.82914 6.31247e+07
3.88944 6.31247e+07
3.94974 6.31247e+07
4.01005 6.31247e+07
4.07035 6.31247e+07
4.13065 6.31247e+07
4.19095 6.31247e+07
4.25125 6.31247e+07
4.31155 6.31247e+07
4.37185 6.31247e+07
4.43216 6.31247e+07
4.49246 3.88192e+07
4.55276 8.60285e+07
4.61306 8.60285e+07
4.67336 7.75802e+07
4.73366 7.75802e+07
4.79396 7.75802e+07
4.85426 7.75802e+07
4.91457 7.75802e+07
4.97487 7.75802e+07
5.03517 7.75802e+07
5.09547 7.75802e+07
5.15577 7.75802e+07
5.21607 7.75802e+07
5.27637 7.75802e+07
5.33668 1.15947e+08
5.39698 1.15947e+08
5.45728 1.15947e+08
5.51758 1.15947e+08
5.57788 1.15947e+08
5.63818 1.15947e+08
5.69848 1.15947e+08
5.75878 1.15947e+08
5.81909 1.15947e+08
5.87939 7.81053e+07
5.93969 7.81053e+07
5.99999 7.81053e+07
