-6 1.17684e+08
-5.9397 1.17684e+08
-5.8794 1.17684e+08
-5.8191 1.17684e+08
-5.75879 1.13871e+08
-5.69849 1.17776e+08
-5.63819 1.17776e+08
-5.57789 1.17776e+08
-5.51759 1.05103e+08
-5.45729 1.05103e+08
-5.39699 1.05103e+08
-5.33669 1.13236e+08
-5.27638 1.0005e+08
-5.21608 1.0403e+08
-5.15578 1.0403e+08
-5.09548 1.0403e+08
-5.03518 8.88553e+07
-4.97488 8.88553e+07
-4.91458 8.88553e+07
-4.85428 9.83092e+07
-4.79397 8.21342e+07
-4.73367 8.21342e+07
-4.67337 8.47026e+07
-4.61307 8.47026e+07
-4.55277 7.4207e+07
-4.49247 7.4207e+07
-4.43217 7.4207e+07
-4.37186 7.7063e+07
-4.31156 7.7063e+07
-4.25126 6.7111e+07
-4.19096 6.7111e+07
-4.13066 6.7111e+07
-4.07036 6.7111e+07
-4.01006 6.10871e+07
-3.94976 6.10871e+07
-3.88945 6.10871e+07
-3.82915 6.10871e+07
-3.76885 5.59201e+07
-3.70855 5.59201e+07
-3.64825 5.59201e+07
-3.58795 5.59201e+07
-3.52764 5.17045e+07
-3.46734 5.17045e+07
-3.40704 5.17045e+07
-3.34674 5.17045e+07
-3.28644 4.82199e+07
-3.22614 4.82199e+07
-3.16584 4.82199e+07
-3.10553 4.82199e+07
-3.04523 4.54139e+07
-2.98493 4.54139e+07
-2.92463 4.54139e+07
-2.86433 4.54139e+07
-2.80403 4.33875e+07
-2.74372 4.33875e+07
-2.68342 4.33875e+07
-2.62312 4.33875e+07
-2.56282 4.2108e+07
-2.50252 4.2108e+07
-2.44222 4.2108e+07
-2.38192 4.2108e+07
-2.32161 4.26954e+07
-2.26131 4.26954e+07
-2.20101 4.26954e+07
-2.14071 4.26954e+07
-2.08041 4.26954e+07
-2.02011 4.28365e+07
-1.9598 4.28365e+07
-1.8995 4.28365e+07
-1.8392 4.28365e+07
-1.7789 4.28253e+07
-1.7186 4.28253e+07
-1.6583 4.29967e+07
-1.598 4.29967e+07
-1.53769 4.28189e+07
-1.47739 4.28189e+07
-1.41709 4.28189e+07
-1.35679 4.42813e+07
-1.29649 4.85584e+07
-1.23619 4.85584e+07
-1.17588 4.32702e+07
-1.11558 4.8429e+07
-1.05528 4.8429e+07
-0.99498 4.76984e+07
-0.934678 5.71725e+07
-0.874377 4.91482e+07
-0.814075 4.91482e+07
-0.753774 6.01671e+07
-0.693473 6.16639e+07
-0.633171 7.09806e+07
-0.57287 5.92962e+07
-0.512568 7.28708e+07
-0.452267 6.24708e+07
-0.391965 7.44946e+07
-0.331664 7.56127e+07
-0.271362 7.56127e+07
-0.21106 7.60921e+07
-0.150759 6.43893e+07
-0.0904575 7.67391e+07
-0.030156 7.66001e+07
0.0301455 7.66001e+07
0.0904471 7.67239e+07
0.150749 6.47209e+07
0.21105 7.60427e+07
0.271352 7.55201e+07
0.331653 7.55201e+07
0.391955 7.42749e+07
0.452256 6.07406e+07
0.512558 7.28732e+07
0.572859 6.11348e+07
0.633161 7.09884e+07
0.693462 6.13921e+07
0.753764 4.9935e+07
0.814065 5.97308e+07
0.874367 5.81613e+07
0.934668 4.80751e+07
0.994969 4.80751e+07
1.05527 5.01667e+07
1.11557 4.44198e+07
1.17587 4.79859e+07
1.23618 4.79859e+07
1.29648 4.46104e+07
1.35678 4.40004e+07
1.41708 4.40004e+07
1.47738 4.40004e+07
1.53768 4.2954e+07
1.59798 4.2954e+07
1.65829 4.2954e+07
1.71859 4.2954e+07
1.77889 3.86549e+07
1.83919 4.28182e+07
1.89949 4.28182e+07
1.95979 4.28182e+07
2.0201 4.28182e+07
2.0804 4.26617e+07
2.1407 4.26617e+07
2.201 4.26617e+07
2.2613 4.26617e+07
2.3216 4.40604e+07
2.3819 4.19638e+07
2.44221 4.19638e+07
2.50251 4.19638e+07
2.56281 4.53797e+07
2.62311 4.3349e+07
2.68341 4.3349e+07
2.74371 4.3349e+07
2.80402 4.3349e+07
2.86432 4.54634e+07
2.92462 4.54634e+07
2.98492 4.54634e+07
3.04522 4.54634e+07
3.10552 4.82471e+07
3.16582 4.82471e+07
3.22613 4.82471e+07
3.28643 4.82471e+07
3.34673 5.17101e+07
3.40703 5.17101e+07
3.46733 5.17101e+07
3.52763 5.17101e+07
3.58794 5.59029e+07
3.64824 5.59029e+07
3.70854 5.59029e+07
3.76884 5.59029e+07
3.82914 6.10663e+07
3.88944 6.10663e+07
3.94974 6.10663e+07
4.01005 6.10663e+07
4.07035 6.71025e+07
4.13065 6.71025e+07
4.19095 6.71025e+07
4.25125 6.71025e+07
4.31155 7.70467e+07
4.37185 7.70467e+07
4.43216 7.41957e+07
4.49246 7.41957e+07
4.55276 7.41957e+07
4.61306 8.47003e+07
4.67336 8.47003e+07
4.73366 8.21141e+07
4.79396 8.21141e+07
4.85426 9.83253e+07
4.91457 8.88337e+07
4.97487 8.88337e+07
5.03517 8.88337e+07
5.09547 1.04048e+08
5.15577 1.04048e+08
5.21607 1.04048e+08
5.27637 1.0004e+08
5.33668 1.13232e+08
5.39698 1.05108e+08
5.45728 1.05108e+08
5.51758 1.05108e+08
5.57788 1.17774e+08
5.63818 1.17774e+08
5.69848 1.17774e+08
5.75878 1.1387e+08
5.81909 1.17686e+08
5.87939 1.17686e+08
5.93969 1.17686e+08
5.99999 1.17686e+08
