223
0.535827 -0.844328
0.795889 -0.961992
0.728969 -0.684547
-0.187381 0.982287
-0.385781 1.18744
-0.425779 0.904827
-0.078385 1.24605
0.233922 1.22641
0.0627905 0.998027
0.531577 1.12974
0.309017 0.951057
0.795889 0.961992
0.535827 0.844328
1.2387 0.156536
0.968583 0.24869
1 0
-0.669021 1.05418
-0.637424 0.770513
4 5
5 4
5 5
3 5
3.60338 4.09569
2.55147 4.0543
-0.910159 0.854652
-0.809017 0.587785
1.50748 4.10653
2 5
-1.09408 0.601478
-0.929776 0.368125
0.5 4.11245
1 5
-0.5 4.11245
0 5
-1.2093 0.310532
-0.992115 0.125333
-1.24855 0
-0.992115 -0.125333
-1.2093 -0.310532
-0.929776 -0.368125
-1.09408 -0.601478
-0.809017 -0.587785
-5 5
-5 4
-4 5
-3.60394 4.09581
-3 5
-4.09657 2.50021
-4.13993 3.43987
-5 3
-0.910159 -0.854652
-0.637424 -0.770513
-0.669021 -1.05418
-0.425779 -0.904827
-0.385781 -1.18744
-0.187381 -0.982287
-0.078385 -1.24605
0.0627905 -0.998027
0.233922 -1.22641
0.309017 -0.951057
-4.11371 -3.44623
-4.05841 -2.52553
-5 -3
0.531577 -1.12974
-5 -5
-4 -5
-5 -4
-3 -5
-3.59916 -4.11354
-2.52333 -4.09483
1.01008 -0.733842
0.876307 -0.481754
1.16083 -0.45963
0.968583 -0.24869
1.2387 -0.156536
1.50001 -4.11237
0.5 -4.11245
1 -5
2.525 -4.05795
2 -5
3.44597 -4.11339
3 -5
5 -5
5 -4
4 -5
5 -3
4.11306 -3.59878
4.09416 -2.52298
1.16083 0.45963
0.876307 0.481754
4.1124 -0.500005
3.24639 -1.00001
4.11241 -1.5
1.01008 0.733842
0.728969 0.684547
4.11245 0.5
5 0
4.11245 1.5
3.24643 1
4.13998 3.43991
5 3
-1.50394 4.1095
-1 5
-2 5
4.0956 2.5006
5 2
0.849747 1.34626
0.492609 1.50488
-2.54765 4.05444
0.0988307 1.57118
2.02341 3.22117
3.15836 3.0805
-4.10932 1.49834
-5 2
-5 1
-0.300388 1.56158
0 3.24643
-1.00624 1.21681
-4.10887 0.50097
-5 0
-0.679281 1.43751
-2.39149 2.38911
-3.15825 3.08213
-3.26266 2.00866
-4.1056 -0.502415
-5 -1
-1.27365 0.925321
-4.10309 -1.50284
-5 -2
-2.55501 1.55656
-1.83351 1.80327
-1.46373 0.579578
-1.56188 0.197351
-1.5 -4.11236
-2 -5
-1 -5
-3.20255 0.995809
-0.5 -4.11245
0 -5
-1.56188 -0.197351
-1.27365 -0.925321
-0.999923 -3.24638
-1.46373 -0.579578
-1.00354 -1.21298
-3.0855 -3.15667
-2.36129 -2.43786
-3.24171 -2.04573
-1.99724 -3.24385
-0.678988 -1.4369
5 -2
5 -1
-0.299782 -1.56131
0.492774 -1.505
3.24397 -1.99723
0.849706 -1.34631
0.0988307 -1.57118
0.999931 -3.24637
1.15549 -1.08647
3.152 -3.08251
5 1
1.39357 -0.766113
1.57429 0
1.53338 0.399184
1.53347 -0.399086
3.28226 -0.000666329
1.15819 1.08931
1.39361 0.766254
3.24513 1.99789
2.40064 2.36838
2.57522 0.58747
1.28253 1.61367
2.02376 -3.22264
2.3941 -2.36462
0.000264467 -3.25543
0.863371 -1.90596
2.43756 -1.40587
1.98368 0.250834
0.374614 -1.96467
1.93437 -0.778778
1.98426 -0.250564
1.40599 -2.4381
-0.100413 -2.04264
-3.19712 -1.00366
-0.456845 -2.57012
-3.25631 0
-1.37312 -2.43911
-2.54274 -1.57266
-2.02274 3.22395
-1.71399 -0.944514
-1.93647 -0.49754
-1.49296 -1.34826
-2.56305 -0.426468
-2.56005 0.412414
-0.999867 3.24634
-1.93746 0.497486
-1.71756 0.94291
-2.03384 -0.00377973
0.999923 3.24636
-0.103648 2.04477
-1.38693 2.44131
1.67477 1.21805
-0.682267 1.96522
1.93296 0.780707
2.43707 1.41156
1.4042 2.43704
0.47095 2.5383
0.374642 1.96461
-0.473044 2.57036
-1.13799 1.73467
1.67391 -1.21484
1.28155 -1.61192
0.864509 1.90366
2.57774 -0.587778
-1.49756 1.34561
1.81236 1.85029
-2.20513 1.06761
-2.1983 -1.07157
-1.83451 -1.8068
-1.13667 -1.73075
-0.677602 -1.96068
0.474352 -2.54119
2.53277 -0.00205801
1.80636 -1.84417
