20
82 83 40 1.0 -0.0 100.0
83 85 41 1.0 -0.0 100.0
85 149 148 1.0 -0.0 100.0
149 150 126 1.0 -0.0 100.0
150 96 137 1.0 -0.0 100.0
96 159 159 1.0 -0.0 100.0
159 105 149 1.0 -0.0 100.0
105 100 55 1.0 -0.0 100.0
100 19 48 1.0 -0.0 100.0
19 20 8 1.0 -0.0 100.0
42 43 20 -1.0 -0.0 100.0
43 49 80 -1.0 -0.0 100.0
49 113 89 -1.0 -0.0 100.0
113 114 65 -1.0 -0.0 100.0
114 119 72 -1.0 -0.0 100.0
119 125 77 -1.0 -0.0 100.0
125 128 84 -1.0 -0.0 100.0
128 62 93 -1.0 -0.0 100.0
62 66 117 -1.0 -0.0 100.0
66 64 31 -1.0 -0.0 100.0
